"Titel"	"Rang"	"Count"	"Cumulated"
"Dragon Age: Inquisition"	1	453	453
"Battlefield 4"	2	433	886
"Far Cry 4"	3	417	1303
"Assassin’s Creed: Unity"	4	387	1690
"The Elder Scrolls V: Skyrim"	5	309	1999
"Grand Theft Auto V"	6	306	2305
"World of Warcraft"	7	303	2608
"Counter-Strike: Global Offensive"	8	295	2903
"League of Legends"	9	254	3157
"Diablo III"	10	253	3410
"FIFA 15"	11	250	3660
"minecraft"	12	220	3880
"destiny"	13	175	4055
"The Crew"	14	160	4215
"PayDay 2"	15	150	4365
"Sid Meier’s Civilization V"	16	145	4510
"Dota 2"	17	130	4640
"Borderlands 2"	18	128	4768
"Dragon Age: Origins"	19	124	4892
"Far Cry 3"	20	123	5015
"the evil within"	21	121	5136
"Battlefield 3"	22	117	5253
"Mittelerde: Mordors Schatten"	23	117	5370
"Hearthstone: Heroes of Warcraft"	24	115	5485
"Alien: Isolation"	25	110	5595
"Call of Duty: Advanced Warfare"	26	99	5694
"Total War: Rome II"	27	99	5793
"ArmA 3"	28	98	5891
"Guild Wars 2"	29	93	5984
"The Walking Dead"	30	88	6072
"Mario Kart 8"	31	87	6159
"Super Smash Bros 4"	32	84	6243
"World of Tanks"	33	83	6326
"The binding of Isaac: Rebirth"	34	82	6408
"Assassin’s Creed IV: Black Flag"	35	78	6486
"DayZ"	36	78	6564
"Europa Universalis IV"	37	78	6642
"Sid Meier’s Civilization: Beyond Earth"	38	75	6717
"Pokémon Omega Rubin/Alpha Saphir"	39	74	6791
"StarCraft II: Wings of Liberty"	40	69	6860
"Team Fortress 2"	41	69	6929
"THE LAST OF US"	42	68	6997
"War Thunder"	43	68	7065
"Watch_Dogs"	44	68	7133
"Call of Duty Advanced Warfare"	45	67	7200
"Company of Heroes 2"	46	65	7265
"tomb raider"	47	65	7330
"Gta 5"	48	63	7393
"Forza horizon 2"	49	62	7455
"Dark Souls II"	50	61	7516
"Halo - The Master Chief Collection"	51	61	7577
"This War of Mine"	52	61	7638
"The Witcher 2: Assassins of Kings"	53	59	7697
"Borderlands: The Pre-Sequel"	54	58	7755
"Titanfall"	55	58	7813
"The Binding of Isaac"	56	57	7870
"Lords of the Fallen"	57	55	7925
"Wasteland 2"	58	55	7980
"Game of Thrones"	59	53	8033
"Left 4 Dead 2"	60	50	8083
"Warframe"	61	50	8133
"The Wolf Among Us"	62	49	8182
"Dark Souls"	63	48	8230
"Clash of Clans"	64	47	8277
"Star Citizen"	65	46	8323
"Wolfenstein: The New Order"	66	46	8369
"Kerbal Space Program"	67	45	8414
"Saints Row IV"	68	45	8459
"Divinity: Original Sin"	69	44	8503
"Call of Duty"	70	43	8546
"BioShock Infinite"	71	42	8588
"Risen 3: Titan Lords"	72	42	8630
"Euro Truck Simulator 2"	73	41	8671
"Mass Effect 3"	74	41	8712
"Banished"	75	40	8752
"Crusader Kings II"	76	40	8792
"Planetside 2"	77	40	8832
"Assassins creed unity"	78	39	8871
"Fallout: New Vegas"	79	39	8910
"Insurgency: Modern Infantry Combat"	80	39	8949
"Dishonored: Die Maske des Zorns"	81	38	8987
"Dragon age Inquisition"	82	38	9025
"FIFA 14"	83	37	9062
"Garry’s Mod"	84	37	9099
"Killing Floor"	85	37	9136
"Star Wars: The Old Republic"	86	37	9173
"Elite: Dangerous"	87	36	9209
"NBA 2K15"	88	36	9245
"Valkyria Chronicles"	89	36	9281
"Mass Effect"	90	35	9316
"ArmA 2"	91	34	9350
"(???) Assassin’s Creed"	92	33	9383
"Assassin’s Creed III"	93	32	9415
"Borderlands"	94	32	9447
"Half-Life 2"	95	32	9479
"Portal 2"	96	32	9511
"Anno 2070"	97	31	9542
"Halo: Combat Evolved"	98	31	9573
"Path of Exile"	99	31	9604
"Counter Strike"	100	30	9634
"Fallout 3"	101	30	9664
"FTL: Faster Than Light"	102	30	9694
"Sunset overdrive"	103	30	9724
"The Witcher"	104	29	9753
"Die Sims 4"	105	28	9781
"South Park: Der Stab der Wahrheit"	106	28	9809
"(???) Super Smash Bros."	107	27	9836
"Bayonetta 2"	108	27	9863
"Don’t Starve"	109	27	9890
"Dragon Age II"	110	27	9917
"Pro Evolution Soccer 2015"	111	27	9944
"Shadow of Mordor"	112	27	9971
"Terraria"	113	27	9998
"Anno 1404"	114	26	10024
"Call of Duty: Ghosts"	115	26	10050
"Counter-Strike"	116	26	10076
"Counter-Strike: Source"	117	26	10102
"Driveclub"	118	26	10128
"eve online"	119	26	10154
"Final Fantasy XIII"	120	26	10180
"Heroes of the Storm"	121	26	10206
"Hyrule Warriors"	122	26	10232
"Pflanzen gegen Zombies: Garden Warfare"	123	26	10258
"The Elder Scrolls Online"	124	26	10284
"Train Fever"	125	26	10310
"Call of Duty: Black Ops II"	126	25	10335
"Gothic II"	127	25	10360
"DayZ Standalone"	128	24	10384
"Grand Theft Auto IV"	129	24	10408
"Star Trek Online"	130	24	10432
"Tales from the Borderlands"	131	24	10456
"7 Days to Die"	132	23	10479
"Age of Empires II: The Age of Kings"	133	23	10502
"GTA5"	134	23	10525
"ArcheAge"	135	22	10547
"Assassin’s Creed Rogue"	136	22	10569
"Borderlands The Pre-Sequel"	137	22	10591
"Injustice: Gods among us"	138	22	10613
"Landwirtschafts-Simulator 2015"	139	22	10635
"Prison Architect"	140	22	10657
"Shadow Warrior"	141	22	10679
"Space Engineers"	142	22	10701
"Total War: Shogun 2"	143	22	10723
"Company of Heroes"	144	21	10744
"dead island"	145	21	10765
"Dead Rising 3"	146	21	10786
"Hitman: Absolution"	147	21	10807
"inFAMOUS Second Son"	148	21	10828
"XCOM: Enemy Unknown"	149	21	10849
"FarCry 4"	150	20	10869
"Final Fantasy XIV: A Realm Reborn"	151	20	10889
"The Vanishing of Ethan Carter"	152	20	10909
"Batman: Arkham Origins"	153	19	10928
"Deus Ex: Human Revolution"	154	19	10947
"Dragon Age 3"	155	19	10966
"goat simulator"	156	19	10985
"Gothic 3"	157	19	11004
"Mass Effect 2"	158	19	11023
"Red Dead Redemption"	159	19	11042
"SWTOR"	160	19	11061
"The Binding of Isaac Rebirth"	161	19	11080
"The Forest"	162	19	11099
"Thief"	163	19	11118
"Valiant Hearts: The Great War"	164	19	11137
"GRID 2"	165	18	11155
"Rising Storm"	166	18	11173
"State of Decay"	167	18	11191
"Warcraft 3"	168	18	11209
"Chivalry: Medieval Warfare"	169	17	11226
"Darksiders 2"	170	17	11243
"Endless Legend"	171	17	11260
"MechWarrior Online"	172	17	11277
"Metro 2033 Redux"	173	17	11294
"The Last of Us: Remastered"	174	17	11311
"Assassin’s Creed II"	175	16	11327
"Batman: Arkham City"	176	16	11343
"Bioshock"	177	16	11359
"Call of Duty: Modern Warfare 2"	178	16	11375
"Forza Motorsport 5"	179	16	11391
"Just Cause 2"	180	16	11407
"Mirror’s Edge"	181	16	11423
"Papers, Please"	182	16	11439
"Portal"	183	16	11455
"The Banner Saga"	184	16	11471
"(???) Pokémon"	185	15	11486
"Age of Empires II HD"	186	15	11501
"Alan Wake"	187	15	11516
"Battlefield: Bad Company 2"	188	15	11531
"Deponia"	189	15	11546
"Legend of Grimrock 2"	190	15	11561
"Neverwinter Nights 2"	191	15	11576
"Quizduell"	192	15	11591
"Rocksmith 2014"	193	15	11606
"Ryse: Son of Rome"	194	15	11621
"Assetto Corsa"	195	14	11635
"Child of Light"	196	14	11649
"diablo 3"	197	14	11663
"Grand Theft Auto: San Andreas"	198	14	11677
"GRID Autosport"	199	14	11691
"Planetary Annihilation"	200	14	11705
"Rayman Legends"	201	14	11719
"Sleeping Dogs"	202	14	11733
"Spec Ops: The Line"	203	14	11747
"The Long Dark"	204	14	11761
"Wolfenstein"	205	14	11775
2048	206	13	11788
"(???) Battlefield"	207	13	11801
"Battleblock Theater"	208	13	11814
"Counterstrike Global Offensive"	209	13	11827
"Crysis 3"	210	13	11840
"Dungeon of the Endless"	211	13	11853
"Fantasy Life"	212	13	11866
"Far Cry"	213	13	11879
"Max Payne 3"	214	13	11892
"Pflanzen gegen Zombies"	215	13	11905
"Risk of Rain"	216	13	11918
"Saints Row: The Third"	217	13	11931
"The Elder Scrolls IV: Oblivion"	218	13	11944
"(???) Fifa"	219	12	11956
"Assasins Creed unity"	220	12	11968
"Bayonetta"	221	12	11980
"Empire: Total War"	222	12	11992
"Far Cry 2"	223	12	12004
"Gothic"	224	12	12016
"Gran Turismo 6"	225	12	12028
"Gta V"	226	12	12040
"LEGO Marvel Super Heroes"	227	12	12052
"Madden NFL 15"	228	12	12064
"Mafia II"	229	12	12076
"Metal Gear Rising: Revengeance"	230	12	12088
"Metro: Last Light"	231	12	12100
"Never Alone"	232	12	12112
"Sid Meier’s Civilization IV"	233	12	12124
"skyrim"	234	12	12136
"Smite"	235	12	12148
"Starbound"	236	12	12160
"Tropico 4"	237	12	12172
"Tropico 5"	238	12	12184
"Watch dogs"	239	12	12196
"A Bird Story"	240	11	12207
"AC unity"	241	11	12218
"Die Sims 3"	242	11	12229
"Dragon age"	243	11	12240
"Endless Space"	244	11	12251
"Far Cry 3: Blood Dragon"	245	11	12262
"FIFA 13"	246	11	12273
"Half-Life"	247	11	12284
"Hearts of Iron III"	248	11	12295
"LEGO Batman 3: Beyond Gotham"	249	11	12306
"Metro 2033"	250	11	12317
"Monument Valley"	251	11	12328
"Outlast (GOG)"	252	11	12339
"Sins of a Solar Empire"	253	11	12350
"Spintires"	254	11	12361
"WOW"	255	11	12372
"WWE 2k15"	256	11	12383
"Call of duty black ops 2"	257	10	12393
"Dead Island: Epidemic"	258	10	12403
"Dreamfall Chapters: The Longest Journey"	259	10	12413
"Enslaved: Odyssey to the West"	260	10	12423
"Farcry 3"	261	10	12433
"Faster Than Light"	262	10	12443
"HearthStone"	263	10	12453
"Rise of Nations"	264	10	12463
"Star Wars The old Republic"	265	10	12473
"The Elder Scrolls III: Morrowind"	266	10	12483
"The walking Dead Season 2"	267	10	12493
"Tom Clancy’s Splinter Cell: Blacklist"	268	10	12503
"Torchlight II"	269	10	12513
"Warcraft III: Reign of Chaos"	270	10	12523
"Worms"	271	10	12533
"Assassin’s Creed 3"	272	9	12542
"Assassin’s creed unity"	273	9	12551
"Call of Duty: Modern Warfare 3"	274	9	12560
"Command and Conquer 3: Tiberium Wars"	275	9	12569
"Das Schwarze Auge: Blackguards"	276	9	12578
"Der Herr der Ringe Online"	277	9	12587
"Halo MCC"	278	9	12596
"Hotline Miami"	279	9	12605
"How to Survive"	280	9	12614
"limbo"	281	9	12623
"Murdered: Soul Suspect"	282	9	12632
"Neverwinter Nights"	283	9	12641
"Next Car Game: Wreckfest"	284	9	12650
"Nosgoth"	285	9	12659
"Plague Inc."	286	9	12668
"Pokemon X"	287	9	12677
"Red Faction: Guerrilla"	288	9	12686
"Risen"	289	9	12695
"Robocraft"	290	9	12704
"Rust"	291	9	12713
"Solitär"	292	9	12722
"Star Wars: Knights of the Old Republic"	293	9	12731
"Stronghold Crusader 2"	294	9	12740
"The Legend of Zelda: A Link between Worlds"	295	9	12749
"The Simpsons: Springfield"	296	9	12758
"The Stanley Parable"	297	9	12767
"Worms: Battlegrounds"	298	9	12776
"XCOM: Enemy Within"	299	9	12785
"Age of Wonders III"	300	8	12793
"Alice: Madness Returns"	301	8	12801
"Assassin’s Creed 4"	302	8	12809
"Audiosurf: Ride Your Music"	303	8	12817
"Baldur’s Gate"	304	8	12825
"Call of Duty 4: Modern Warfare"	305	8	12833
"Crysis"	306	8	12841
"Dead State"	307	8	12849
"Defense Grid 2"	308	8	12857
"Deus Ex"	309	8	12865
"Diablo II"	310	8	12873
"Emergency 5"	311	8	12881
"Final Fantasy VII"	312	8	12889
"Fussball Manager 13"	313	8	12897
"Gauntlet"	314	8	12905
"Grand Theft Auto"	315	8	12913
"halo 4"	316	8	12921
"LittleBigPlanet 3"	317	8	12929
"Magicka"	318	8	12937
"NBA 2K14"	319	8	12945
"Pokémon X/Y"	320	8	12953
"Quake Live"	321	8	12961
"Rift"	322	8	12969
"S.T.A.L.K.E.R.: Shadow of Chernobyl"	323	8	12977
"Styx: Master of Shadows"	324	8	12985
"Trials: Fusion"	325	8	12993
"Worms Armageddon"	326	8	13001
"(???) Mario Kart"	327	7	13008
"(???) Mass Effect Trilogy"	328	7	13015
"Animal Crossing: New Leaf"	329	7	13022
"Arma3"	330	7	13029
"Assassin’s Creed: Revelations"	331	7	13036
"Baldur’s Gate 2: Schatten von Amn"	332	7	13043
"Batman: Arkham Asylum"	333	7	13050
"BioShock 2"	334	7	13057
"Boom Beach"	335	7	13064
"Broforce"	336	7	13071
"Call of duty aw"	337	7	13078
"Castlevania: Lords of Shadow"	338	7	13085
"Castlevania: Lords of Shadow 2"	339	7	13092
"COD ADVANCED WARFARE"	340	7	13099
"Csgo"	341	7	13106
"Drive Club"	342	7	13113
"Dungeons ""Neverwinter"" Dragons: Neverwinter"	343	7	13120
"Enslaved"	344	7	13127
"F1 2014"	345	7	13134
"Far Cry4"	346	7	13141
"Garrys mod"	347	7	13148
"Halo 3"	348	7	13155
"Kingdom hearts 2.5 HD Remix"	349	7	13162
"Kingdoms of Amalur: Reckoning"	350	7	13169
"L.A. Noire"	351	7	13176
"Left 4 Dead"	352	7	13183
"Life is Feudal"	353	7	13190
"mordors schatten"	354	7	13197
"Mortal Kombat (2011)"	355	7	13204
"Mount""Mount & Blade: Warband""Blade: Warband"	356	7	13211
"Napoleon: Total War"	357	7	13218
"NHL 15"	358	7	13225
"Pflanzen gegen Zombies 2"	359	7	13232
"Plague Inc: Evolved"	360	7	13239
"Pokemon omega rubin"	361	7	13246
"Rage"	362	7	13253
"Risen 2: Dark Waters"	363	7	13260
"Rogue Legacy"	364	7	13267
"Rome: Total War"	365	7	13274
"Sanctum 2"	366	7	13281
"Shadowrun Returns"	367	7	13288
"Star Wars: Empire at War"	368	7	13295
"starcraft 2"	369	7	13302
"Super smash bros Wii U"	370	7	13309
"Tera Online"	371	7	13316
"The Last Of Us Remastered"	372	7	13323
"The Secret World"	373	7	13330
"Train Simulator 2015"	374	7	13337
"Trine"	375	7	13344
"Wildstar"	376	7	13351
"Wolfenstein the new Order"	377	7	13358
"X-Com"	378	7	13365
"(???) SimCity"	379	6	13371
"alien isolation"	380	6	13377
"Aliens: Colonial Marines"	381	6	13383
"Assassin’s Creed: Brotherhood"	382	6	13389
"Awesomenauts"	383	6	13395
"Banner Saga"	384	6	13401
"Battlefield 2"	385	6	13407
"Brothers: A Tale of Two Sons"	386	6	13413
"Bulletstorm"	387	6	13419
"Candy Crush Saga"	388	6	13425
"cod aw"	389	6	13431
"counter strike global offensive"	390	6	13437
"counter strike go"	391	6	13443
"Craft the world"	392	6	13449
"Crysis 2"	393	6	13455
"dark souls 2"	394	6	13461
"Defiance"	395	6	13467
"Democracy 3"	396	6	13473
"Demon’s Souls"	397	6	13479
"dragon age origins"	398	6	13485
"Dynasty Warriors 8"	399	6	13491
"Emergency 4"	400	6	13497
"Europa Universalis"	401	6	13503
"Factorio"	402	6	13509
"Farcry4"	403	6	13515
"FIFA"	404	6	13521
"Final Fantasy"	405	6	13527
"Final Fantasy X"	406	6	13533
"Final Fantasy X HD Remaster"	407	6	13539
"Game Dev Tycoon"	408	6	13545
"GODUS"	409	6	13551
"grand theft auto 5"	410	6	13557
"Halo: Spartan Assault"	411	6	13563
"Hill Climb Racing"	412	6	13569
"Killzone: Shadow Fall"	413	6	13575
"Lara Croft and the Guardian of Light"	414	6	13581
"Last of Us"	415	6	13587
"Legend of Grimrock"	416	6	13593
"Lichdom: Battlemage"	417	6	13599
"Loadout"	418	6	13605
"Mark of the Ninja"	419	6	13611
"Medieval II: Total War"	420	6	13617
"Mount""Mount & Blade""Blade: Warband"	421	6	13623
"Mount""Mount and Blade Warband""Blade: Warband"	422	6	13629
"Mount""Mount and Blade: Warband""Blade: Warband"	423	6	13635
"Ni No Kuni"	424	6	13641
"Panzer Corps: Wehrmacht"	425	6	13647
"Pokémon Omega Rubin"	426	6	13653
"Project Cars"	427	6	13659
"Remember Me"	428	6	13665
"Ryse Son of Rome"	429	6	13671
"Shadow Warrior (2013)"	430	6	13677
"Shadowrun: Dragonfall"	431	6	13683
"Sherlock Holmes and the Hound of Baskervilles"	432	6	13689
"SimCity 4"	433	6	13695
"Sniper Elite 3"	434	6	13701
"Space Engieeners"	435	6	13707
"Super Mario 3D World"	436	6	13713
"Super Smash Bros 3DS"	437	6	13719
"The Legend of Zelda: The Wind Waker"	438	6	13725
"TrackMania 2"	439	6	13731
"Vampire the Masquerade: Bloodlines"	440	6	13737
"(???) Civilization"	441	5	13742
"Age of Empires"	442	5	13747
"Age Of Empires III"	443	5	13752
"Always Sometimes Monsters"	444	5	13757
"Angry Birds"	445	5	13762
"Assassin’s Creed 2"	446	5	13767
"assassin’s creed black flag"	447	5	13772
"assassins creed"	448	5	13777
"assassins creed Black flag"	449	5	13782
"Bastion"	450	5	13787
"Beyond: Two Souls"	451	5	13792
"binding of isaac"	452	5	13797
"Borderlands Pre-Sequel"	453	5	13802
"Brütal Legend"	454	5	13807
"Burnout Paradise"	455	5	13812
"Candy Crush"	456	5	13817
"castle crashers"	457	5	13822
"CS:Go"	458	5	13827
"Darksiders"	459	5	13832
"Dawn of War II"	460	5	13837
"Day of Defeat Source"	461	5	13842
"Day of Defeat: Source"	462	5	13847
"Dead Space"	463	5	13852
"Devil May Cry"	464	5	13857
"dirt 3"	465	5	13862
"Dragon’s Dogma"	466	5	13867
"Dragonage Inquisition"	467	5	13872
"Duke Nukem Forever"	468	5	13877
"Dust: An Elysian Tail"	469	5	13882
"Fallout"	470	5	13887
"Fallout 2"	471	5	13892
"fallout new vegas"	472	5	13897
"FIFA15"	473	5	13902
"Fire Emblem: Awakening"	474	5	13907
"Firefall"	475	5	13912
"Gears of War 3"	476	5	13917
"Geometry Wars 3: Dimensions"	477	5	13922
"gta"	478	5	13927
"Half life 2"	479	5	13932
"Heroes of Might and Magic III: The Restoration of Erathia"	480	5	13937
"Heroes of Might and Magic V"	481	5	13942
"I am Bread"	482	5	13947
"Icewind Dale: Enhanced Edition"	483	5	13952
"Kingdom Hearts"	484	5	13957
"Knack"	485	5	13962
"Lara Croft und der Tempel des Osiris"	486	5	13967
"LOL"	487	5	13972
"Mariokart 8"	488	5	13977
"Metal Gear Solid"	489	5	13982
"Minesweeper"	490	5	13987
"Monaco: What's Yours is Mine"	491	5	13992
"NBA2K15"	492	5	13997
"Need For Speed"	493	5	14002
"Need for Speed: Most Wanted (Origin)"	494	5	14007
"Osu!"	495	5	14012
"PayDay"	496	5	14017
"Payday: The Heist"	497	5	14022
"Quake III Arena"	498	5	14027
"S.T.A.L.K.E.R.: Call of Pripyat"	499	5	14032
"Shovel Knight"	500	5	14037
"Simpsons Springfield"	501	5	14042
"Speedrunners"	502	5	14047
"Spore"	503	5	14052
"Star Wars: Commander"	504	5	14057
"Stronghold Crusader"	505	5	14062
"Super Hexagon"	506	5	14067
"Super Smash Bros. 3DS"	507	5	14072
"Supreme Commander: Forged Alliance"	508	5	14077
"the witcher 2"	509	5	14082
"To the Moon"	510	5	14087
"Tropico 3"	511	5	14092
"Ultra Street Fighter IV"	512	5	14097
"Uncharted 3"	513	5	14102
"Worms: Revolution"	514	5	14107
"X3: Terran Conflict"	515	5	14112
"Xenonauts"	516	5	14117
"(???) Divinity"	517	4	14121
"(???) The Legend of Zelda"	518	4	14125
"Age of Mythology (Extended Edition)"	519	4	14129
"Aion"	520	4	14133
"Antichamber"	521	4	14137
"Asphalt 8: Airborne"	522	4	14141
"Beat Hazard"	523	4	14145
"Blur"	524	4	14149
"Borderlands pre Sequel"	525	4	14153
"Bravely Default"	526	4	14157
"Call of Duty: Black Ops"	527	4	14161
"Call of Juarez"	528	4	14165
"Candy Crush Soda Saga"	529	4	14169
"Cod"	530	4	14173
"Counter Strike 1.6"	531	4	14177
"CS Go"	532	4	14181
"Cytus"	533	4	14185
"Das Schwarze Auge: Drakensang"	534	4	14189
"Day Z Standalone"	535	4	14193
"DCS World"	536	4	14197
"Deadly Premonition"	537	4	14201
"Deadpool"	538	4	14205
"diablo"	539	4	14209
"Die Siedler 7"	540	4	14213
"Die Siedler Online"	541	4	14217
"Disney Infinity: 2.0 Edition"	542	4	14221
"Duke nukem 3d"	543	4	14225
"Dungeon Keeper"	544	4	14229
"Dungeon Keeper 2"	545	4	14233
"Dungeons ""Neverwinter Online"" Dragons: Neverwinter"	546	4	14237
"Euro Truck Simulator"	547	4	14241
"evil within"	548	4	14245
"F1 2013"	549	4	14249
"FIFA World"	550	4	14253
"Forza Horizon"	551	4	14257
"Forza Motorsport 4"	552	4	14261
"Frozen Synapse"	553	4	14265
"Fussball Manager 12"	554	4	14269
"Gears of War"	555	4	14273
"Gta 4"	556	4	14277
"halo masterchief collection"	557	4	14281
"hay day"	558	4	14285
"Hearts of Iron II"	559	4	14289
"Icewind Dale"	560	4	14293
"Ingress"	561	4	14297
"Killer Instinct"	562	4	14301
"Lords of Xulima"	563	4	14305
"Mario Kart 7"	564	4	14309
"Marvel Puzzle Quest: Dark Reign"	565	4	14313
"Master of Orion II: Battle at Antares"	566	4	14317
"Medal of Honor: Warfighter"	567	4	14321
"Metal Gear Solid 5: Ground Zeroes"	568	4	14325
"Middle-Earth: Shadow of Mordor"	569	4	14329
"mittelerde mordors schatten"	570	4	14333
"Monster Hunter 3 Ultimate"	571	4	14337
"Mount""Mount & Blade Warband""Blade: Warband"	572	4	14341
"Mount""Mount and Blade""Blade: Warband"	573	4	14345
"Natural Selection 2"	574	4	14349
"Need for Speed: Hot Pursuit"	575	4	14353
"Need for Speed: Rivals"	576	4	14357
"New Super Mario Bros. U"	577	4	14361
"Nuclear Throne"	578	4	14365
"Orcs Must Die! 2"	579	4	14369
"Persona Q: Shadow of the Labyrinth"	580	4	14373
"Pinball FX2"	581	4	14377
"Plague Inc"	582	4	14381
"Plague Inc. Evolved"	583	4	14385
"Plants vs Zombies garden warfare"	584	4	14389
"Pokémon Silber/Gold"	585	4	14393
"RaceRoom Racing Experience"	586	4	14397
"Rayman Origins"	587	4	14401
"Resident Evil 6"	588	4	14405
"Resident Evil: Revelations"	589	4	14409
"RollerCoaster Tycoon"	590	4	14413
"Saints Row 2"	591	4	14417
"Saints row 4"	592	4	14421
"Serious Sam 3"	593	4	14425
"Shakes and Fidget"	594	4	14429
"Shin Megami Tensei: Persona 4"	595	4	14433
"Sid Meier’s Civilization Beyond Earth"	596	4	14437
"Sniper Elite v2"	597	4	14441
"Star Wars: Battlefront II"	598	4	14445
"super mario world"	599	4	14449
"Super Smash Bros. Wii U"	600	4	14453
"Supreme Commander 2"	601	4	14457
"Tekken Tag Tournament 2"	602	4	14461
"The binding of Issac: Rebirth"	603	4	14465
"The Book of Unwritten Tales"	604	4	14469
"The Cat Lady"	605	4	14473
"The Legend of Zelda: Ocarina of Time"	606	4	14477
"The Simpsons: Tapped Out"	607	4	14481
"The Witcher Adventure Game"	608	4	14485
"Threes!"	609	4	14489
"Transistor"	610	4	14493
"Trine 2"	611	4	14497
"Unturned"	612	4	14501
"Verdun"	613	4	14505
"Victoria II"	614	4	14509
"Vindictus"	615	4	14513
"Wargame: Red Dragon"	616	4	14517
"Wolf Among Us"	617	4	14521
"Wolfenstein - the new order"	618	4	14525
"WWE 2k14"	619	4	14529
"Xcom"	620	4	14533
"(???) Batman"	621	3	14536
"(???) Mario Party"	622	3	14539
"(???) Rayman"	623	3	14542
"(???) South Park"	624	3	14545
"(???) Uncharted"	625	3	14548
"Age of Empire 2"	626	3	14551
"Age of Mythology"	627	3	14554
"anno 1701"	628	3	14557
"Assasin’s creed"	629	3	14560
"Assasins creed Black flag"	630	3	14563
"Assassin’s Creed 4 Black Flag"	631	3	14566
"Assassin’s Creed 4: Black Flag"	632	3	14569
"Assassin’s Creed Brotherhood"	633	3	14572
"Assassin’s Creed IV"	634	3	14575
"Assassin’s Creed Revelations"	635	3	14578
"Assassin’s Creed: Rogue"	636	3	14581
"assassins creed 4"	637	3	14584
"Assassins’s Creed Unity"	638	3	14587
"Audiosurf 2"	639	3	14590
"aura kingdom"	640	3	14593
"Baldur’s Gate: Enhanced Edition"	641	3	14596
"battlefield heroes"	642	3	14599
"Beyond Good ""Beyond Good and Evil"" Evil"	643	3	14602
"Bioshock infinte"	644	3	14605
"Blood Bowl"	645	3	14608
"Bloodrayne"	646	3	14611
"Bloons Tower Defense 5"	647	3	14614
"Borderlands the pre sequel"	648	3	14617
"Borderlands The PreSequel"	649	3	14620
"Broken Age"	650	3	14623
"Brothers A Tale of Two Sons"	651	3	14626
"Call of Duty 2"	652	3	14629
"Call of Duty ghosts"	653	3	14632
"cod black ops 2"	654	3	14635
"Command ""Command and Conquer"" Conquer"	655	3	14638
"counterstrike"	656	3	14641
"Dawn of War"	657	3	14644
"DCS: A-10C Warthog - Digital Combat Simulator"	658	3	14647
"Dead Island Riptide"	659	3	14650
"Dead Space 2"	660	3	14653
"Defense Grid: The Awakening"	661	3	14656
"Demon Souls"	662	3	14659
"Deponia: The Complete Journey"	663	3	14662
"Der Herr der Ringe: Die Schlacht um Mittelerde 2"	664	3	14665
"Diablo 3 RoS"	665	3	14668
"Die Siedler III"	666	3	14671
"Die Sims 2"	667	3	14674
"DIRT 2"	668	3	14677
"Divinity 2: Ego Draconis"	669	3	14680
"DOTA"	670	3	14683
"Dungeon Defenders"	671	3	14686
"Dungeon Defenders II"	672	3	14689
"Empire Earth"	673	3	14692
"Fez"	674	3	14695
"FIFA 12"	675	3	14698
"Final Fantasy XIII-2"	676	3	14701
"Five Nights at Freddy’s"	677	3	14704
"Freelancer"	678	3	14707
"Fussball Manager 14"	679	3	14710
"Galactic Civilizations III"	680	3	14713
"Gears of War 2"	681	3	14716
"Geheimakte 3"	682	3	14719
"Geometry Dash"	683	3	14722
"Giana Sisters: Twisted Dreams (Limited Edition)"	684	3	14725
"Grand Theft Auto III"	685	3	14728
"Grand Theft Auto: Vice City"	686	3	14731
"GTA4"	687	3	14734
"Guns of Icarus Online"	688	3	14737
"halo master chief collection"	689	3	14740
"Halo the masterchief collection"	690	3	14743
"Hammerwatch"	691	3	14746
"Hard Reset (Extended Edition)"	692	3	14749
"Helden von Camelot"	693	3	14752
"Infestation"	694	3	14755
"Jagged Alliance: Back in Action"	695	3	14758
"Jazzpunk"	696	3	14761
"Journey"	697	3	14764
"Kingdom Hearts 1.5 HD Remix"	698	3	14767
"Kingdom hearts 2.5 remix"	699	3	14770
"Leage of Legends"	700	3	14773
"LEGO Batman 2"	701	3	14776
"LEGO Batman 3"	702	3	14779
"LEGO Star Wars"	703	3	14782
"Lego: Der Hobbit"	704	3	14785
"little big Planet 3"	705	3	14788
"LittleBigPlanet"	706	3	14791
"LYNE"	707	3	14794
"Magic 2014: Duels of the Planeswalkers"	708	3	14797
"Magic 2015 - Duels of the Planeswalkers"	709	3	14800
"Mario Kart Wii"	710	3	14803
"Max Payne"	711	3	14806
"Max Payne 2: The Fall of Max Payne"	712	3	14809
"Memoria"	713	3	14812
"Men of War: Assault Squad 2"	714	3	14815
"Microsoft Flight Simulator X"	715	3	14818
"Mini Metro"	716	3	14821
"Minimum"	717	3	14824
"MotoGP 14"	718	3	14827
"Naruto Shippuden: Ultimate Ninja Storm Revolution"	719	3	14830
"NHL 14"	720	3	14833
"One Finger Death Punch"	721	3	14836
"OpenTTD"	722	3	14839
"Papers please"	723	3	14842
"PayDay2"	724	3	14845
"pes 2015"	725	3	14848
"Pinball FX 2"	726	3	14851
"Pokemon y"	727	3	14854
"Postal 2"	728	3	14857
"Pro Evolution Soccer 2013"	729	3	14860
"Project Zomboid"	730	3	14863
"R.U.S.E."	731	3	14866
"Race the sun"	732	3	14869
"Resident Evil 5"	733	3	14872
"Resogun"	734	3	14875
"RETRY"	735	3	14878
"Return to Castle Wolfenstein"	736	3	14881
"Risen3"	737	3	14884
"Rome Total War 2"	738	3	14887
"Runescape"	739	3	14890
"Secret of Mana"	740	3	14893
"Shadows of Mordor"	741	3	14896
"Sherlock Holmes: Crimes and Punishments"	742	3	14899
"Sim City (2013)"	743	3	14902
"Solitaire"	744	3	14905
"South Park - The Stick of Truth"	745	3	14908
"South Park: Stick of Truth"	746	3	14911
"Space Run"	747	3	14914
"spelunky"	748	3	14917
"Spider Solitaire"	749	3	14920
"Star Made"	750	3	14923
"Starcraft"	751	3	14926
"Starpoint Gemini 2"	752	3	14929
"Stick Hero"	753	3	14932
"Stonehearth"	754	3	14935
"Streetpass Mii-Lobby"	755	3	14938
"Stronghold"	756	3	14941
"Super meat boy"	757	3	14944
"Super Smash Bros. Melee"	758	3	14947
"Super Smash bros. WiiU"	759	3	14950
"Super Street Fighter IV"	760	3	14953
"Surgeon Simulator 2013"	761	3	14956
"Survarium"	762	3	14959
"System Shock 2"	763	3	14962
"Tales Of Xillia 2"	764	3	14965
"Terra Battle"	765	3	14968
"Tesla Effect: A Tex Murphy Adventure"	766	3	14971
"The Book of Unwritten Tales 2"	767	3	14974
"the elder scrolls skyrim"	768	3	14977
"the saboteur"	769	3	14980
"Thief 4"	770	3	14983
"Tom Clancy’s Ghost Recon: Phantoms"	771	3	14986
"Tomb Raider: Definitive Edition"	772	3	14989
"TransOcean: The Shipping Company"	773	3	14992
"Tron 2.0"	774	3	14995
"Ultima Online"	775	3	14998
"Uncharted 2: Among Thieves"	776	3	15001
"Unreal Tournament 2004"	777	3	15004
"Warhammer 40,000: Armageddon"	778	3	15007
"Warhammer 40,000: Dawn of War II"	779	3	15010
"Warhammer 40,000: Space Marine"	780	3	15013
"Wolfenstein: Enemy Territory"	781	3	15016
"World in Conflict"	782	3	15019
"WWE2K15"	783	3	15022
"X-Plane 10"	784	3	15025
"(???) -"	785	2	15027
"(???) Anno"	786	2	15029
"(???) Battlefield 3/4"	787	2	15031
"(???) Gran Turismo"	788	2	15033
"(???) Halo 1-4"	789	2	15035
"(???) Professor Layton"	790	2	15037
"(???) Schach"	791	2	15039
"(???) Tome"	792	2	15041
"(???) Worms 3"	793	2	15043
"100% Orange Juice"	794	2	15045
"A Game of Dwarves"	795	2	15047
"A New Beginning"	796	2	15049
"Ace of Spades"	797	2	15051
"Advanced warfare"	798	2	15053
"Age of Empires: Castle Siege"	799	2	15055
"Airline Tycoon"	800	2	15057
"Alpha Protocol"	801	2	15059
"Amnesia: A Machine for Pigs"	802	2	15061
"Anno 1602"	803	2	15063
"Anno Online"	804	2	15065
"APB: Reloaded"	805	2	15067
"Aquanox 2"	806	2	15069
"Arcanum: Von Dampfmaschinen und Magie"	807	2	15071
"Archeblade"	808	2	15073
"Assasin’s Creed 2"	809	2	15075
"assasins creed"	810	2	15077
"Assassin’s Creed IV Black Flag"	811	2	15079
"Assassin’s Creed Revelation"	812	2	15081
"Assassine’s Creed Unity"	813	2	15083
"Assassins Creed  Unity"	814	2	15085
"assassins creed brotherhood"	815	2	15087
"Assassins Creed Revelations"	816	2	15089
"Back to the Future: The Game"	817	2	15091
"Bad Piggies"	818	2	15093
"baldurs gate"	819	2	15095
"BATMAN"	820	2	15097
"Battle Island"	821	2	15099
"Battlefield  4"	822	2	15101
"Battlefield 1942"	823	2	15103
"Bedlam"	824	2	15105
"Bejeweled"	825	2	15107
"Bejeweled 3"	826	2	15109
"Beyond Good ""Beyond Good & Evil"" Evil"	827	2	15111
"Bf4"	828	2	15113
"Binding Of Isaac: Rebirth"	829	2	15115
"Blood 2"	830	2	15117
"Book of Unwritten Tales"	831	2	15119
"Braid"	832	2	15121
"Call of Duty Black ops"	833	2	15123
"Call of Duty Modern warfare"	834	2	15125
"Call of Duty: World at War"	835	2	15127
"Carcassonne"	836	2	15129
"Caste Ville"	837	2	15131
"Castle Clash"	838	2	15133
"Castlevania: Lords of Shadow – Mirror of Fate"	839	2	15135
"Cave Story+"	840	2	15137
"Ceasar IV"	841	2	15139
"Champions Online"	842	2	15141
"civilisation 5"	843	2	15143
"Civilization beyond earth"	844	2	15145
"CIVILIZATION V"	845	2	15147
"Contagion"	846	2	15149
"counter strike source"	847	2	15151
"Counter strike: global offensive"	848	2	15153
"CounterStrike Go"	849	2	15155
"Counterstrike: GO"	850	2	15157
"Creeper World 3 - Knuckle Cracker"	851	2	15159
"Crimsonland"	852	2	15161
"Cut The Rope 2"	853	2	15163
"Dark Age of Camelot"	854	2	15165
"Dark Project: Der Meisterdieb"	855	2	15167
"Dark Souls - Prepare to Die Edition"	856	2	15169
"Darkness Within: In Pursuit of Loath Nolder"	857	2	15171
"Das Schwarze Auge: Demonicon"	858	2	15173
"Day of defeat"	859	2	15175
"day z"	860	2	15177
"DC Universe Online"	861	2	15179
"Dead Island: Riptide"	862	2	15181
"Dead Rising"	863	2	15183
"Dead Space 3"	864	2	15185
"DeadCore"	865	2	15187
"Deadfall Adventures"	866	2	15189
"Defender’s Quest: Valley of the Forgotten"	867	2	15191
"Depth"	868	2	15193
"Der Herr der Ringe: Der Krieg im Norden"	869	2	15195
"Der Herr der Ringe: Die Schlacht um Mittelerde"	870	2	15197
"diablo3"	871	2	15199
"Die Siedler – Aufstieg eines Königreichs"	872	2	15201
"Die Stämme"	873	2	15203
"Dino D-Day"	874	2	15205
"Dirt: Showdown"	875	2	15207
"Distant Worlds"	876	2	15209
"Dofus"	877	2	15211
"Dogfight 1942"	878	2	15213
"Donkey Kong Country: Tropical Freeze"	879	2	15215
"dont starve"	880	2	15217
"Downfall"	881	2	15219
"Dragon Age. Inquisition"	882	2	15221
"Drakensang Online"	883	2	15223
"Driver: San Francisco"	884	2	15225
"DuckTales: Remastered"	885	2	15227
"Dungeon Hunter 4"	886	2	15229
"Dungeon Siege II"	887	2	15231
"Dungeon Siege III"	888	2	15233
"Dungeons of Dredmor"	889	2	15235
"Dustforce"	890	2	15237
"Dwarf Fortress"	891	2	15239
"Eador: Genesis"	892	2	15241
"Edna bricht aus"	893	2	15243
"Elder Scrolls online"	894	2	15245
"Elder Sign: Omens"	895	2	15247
"Emergency 2014"	896	2	15249
"Enemy Front"	897	2	15251
"Eso"	898	2	15253
"Europa Universalis III"	899	2	15255
"EverQuest II"	900	2	15257
"Evolve"	901	2	15259
"Expeditions: Conquistador"	902	2	15261
"Family Guy: Mission Sachensuche"	903	2	15263
"FarCry"	904	2	15265
"Farmville 2"	905	2	15267
"fifa14"	906	2	15269
"Final Fantasy VIII"	907	2	15271
"final Fantasy X HD"	908	2	15273
"Fistful of Frags"	909	2	15275
"FlatOut 2"	910	2	15277
"Forced"	911	2	15279
"Forza"	912	2	15281
"forza 4"	913	2	15283
"Full Mojo Rampage"	914	2	15285
"Geheimakte Tunguska"	915	2	15287
"God of war"	916	2	15289
"Gran Turismo 5"	917	2	15291
"Grid"	918	2	15293
"GtaV"	919	2	15295
"Guacamelee!"	920	2	15297
"guildwars 2"	921	2	15299
"Guildwars2"	922	2	15301
"Gunpoint"	923	2	15303
"Half-Life 1"	924	2	15305
"Halo: Reach"	925	2	15307
"Happy Wheels"	926	2	15309
"Harveys neue Augen"	927	2	15311
"Hatsune Miku: Project DIVA F 2nd"	928	2	15313
"Hawken"	929	2	15315
"Hero Siege"	930	2	15317
"Heroes ""Heroes & Generals"" Generals"	931	2	15319
"Heroes of Dragon Age"	932	2	15321
"Heroes of might and magic 3"	933	2	15323
"herr der ringe online"	934	2	15325
"Herrscher des Olymp – Zeus"	935	2	15327
"Hex: Shards of Fate"	936	2	15329
"Hexcells Infinite"	937	2	15331
"Hidden ""Hidden & Dangerous 2"" Dangerous 2"	938	2	15333
"Hitman: Contracts"	939	2	15335
"Horizon 2"	940	2	15337
"Hyperdimension Neptunia"	941	2	15339
"inFamous"	942	2	15341
"Infamous 2"	943	2	15343
"InFamous: First Light"	944	2	15345
"Infinity Wars"	945	2	15347
"Jade Empire"	946	2	15349
"Jagged Alliance 2"	947	2	15351
"Just Cause"	948	2	15353
"Kantai Collection"	949	2	15355
"Kentucky Route Zero"	950	2	15357
"Killer Is dead"	951	2	15359
"killzone shadow fall"	952	2	15361
"King’s Bounty: Warriors of the North"	953	2	15363
"Kingdom Come: Deliverance"	954	2	15365
"Kingdom Hearts HD 2.5 remix"	955	2	15367
"Kingdom Rush"	956	2	15369
"Knights of Honor"	957	2	15371
"Knights of the old Republic"	958	2	15373
"Landwirtschafts-Simulator 2013"	959	2	15375
"Landwirtschafts-Simulator 2014"	960	2	15377
"Last Chaos"	961	2	15379
"Left for dead 2"	962	2	15381
"Legacy of Kain: Soul Reaver"	963	2	15383
"LEGO Batman: The Videogame"	964	2	15385
"LEGO Der Herr der Ringe"	965	2	15387
"Lego Herr der Ringe"	966	2	15389
"Life is Feudal: Your Own"	967	2	15391
"Lightning Returns: Final Fantasy XIII"	968	2	15393
"little big planet"	969	2	15395
"Live for Speed"	970	2	15397
"Lost Horizon"	971	2	15399
"Lufia"	972	2	15401
"Machinarium"	973	2	15403
"Mad Games Tycoon"	974	2	15405
"Madden NFL 25"	975	2	15407
"Magicite"	976	2	15409
"Maniac Mansion"	977	2	15411
"mashed"	978	2	15413
"Medieval: Total War"	979	2	15415
"Mercenary Kings"	980	2	15417
"Metal gear solid 2"	981	2	15419
"Metal Gear Solid 2: Sons of Liberty"	982	2	15421
"Metal Gear Solid 4"	983	2	15423
"Metro last light"	984	2	15425
"Metro redux"	985	2	15427
"Metro: Last Light Redux"	986	2	15429
"Metro:Last Light"	987	2	15431
"Mirrors edge"	988	2	15433
"MLB 14 The Show"	989	2	15435
"Monster Hunter Freedom Unite"	990	2	15437
"Mordor’s Schatten"	991	2	15439
"mountain"	992	2	15441
"Naruto Shippuden: Ultimate Ninja Storm 3"	993	2	15443
"Naruto Shippuuden: Narutimate Storm Revolution"	994	2	15445
"NBA 2K12"	995	2	15447
"NBA 2k13"	996	2	15449
"Need for Speed World"	997	2	15451
"Need for Speed: Brennender Asphalt"	998	2	15453
"Need For Speed: Carbon"	999	2	15455
"Need for Speed: Most Wanted"	1000	2	15457
"Need for Speed: The Run"	1001	2	15459
"Nfs rivals"	1002	2	15461
"Nickelodeon’s The Legend of Korra"	1003	2	15463
"No More Room In Hell"	1004	2	15465
"Octodad: Dadliest Catch"	1005	2	15467
"Ogame"	1006	2	15469
"OMSI 2"	1007	2	15471
"Painkiller"	1008	2	15473
"Peggle"	1009	2	15475
"Peggle 2"	1010	2	15477
"Pikmin 3"	1011	2	15479
"Pixel Dungeon"	1012	2	15481
"Pokemon alpha saphir"	1013	2	15483
"Pokémon Feuerrot/Blattgrün"	1014	2	15485
"Pokémon Platin-Edition"	1015	2	15487
"Pokémon: SoulSilver/HeartGold"	1016	2	15489
"Pool Nation"	1017	2	15491
"Port Royale 3"	1018	2	15493
"Primal Carnage: Extinction"	1019	2	15495
"Professor Layton vs. Phoenix Wright: Ace Attorney"	1020	2	15497
"Prototype"	1021	2	15499
"Psychonauts"	1022	2	15501
"Pure Pool"	1023	2	15503
"PvZ 2"	1024	2	15505
"Quake"	1025	2	15507
"Quake 4"	1026	2	15509
"Race 07: Official WTCC Game"	1027	2	15511
"Race Driver: GRID"	1028	2	15513
"Ragnarok Online (20 Tage kostenlos)"	1029	2	15515
"Randal’s Monday"	1030	2	15517
"Red Faction: Armageddon"	1031	2	15519
"Reflex"	1032	2	15521
"Resident Evil"	1033	2	15523
"Resident Evil 4"	1034	2	15525
"Resident Evil: Darkside Chronicles"	1035	2	15527
"Resonance"	1036	2	15529
"rFactor"	1037	2	15531
"Rise of The Triad"	1038	2	15533
"risen 3"	1039	2	15535
"RollerCoaster Tycoon 2"	1040	2	15537
"RollerCoaster Tycoon 3"	1041	2	15539
"Runaway: A Road Adventure"	1042	2	15541
"Runes of Magic"	1043	2	15543
"S.T.A.L.K.E.R.: Clear Sky"	1044	2	15545
"S4 League"	1045	2	15547
"Sacred"	1046	2	15549
"Sanctum"	1047	2	15551
"Senran Kagura Shinovi Versus"	1048	2	15553
"Serious Sam HD: The First Encounter"	1049	2	15555
"ShootMania"	1050	2	15557
"Sid Meier’s Alpha Centauri"	1051	2	15559
"Sid Meier’s Civilization II"	1052	2	15561
"Sid Meier’s Civilization IV: Colonization"	1053	2	15563
"Sid Meier’s Pirates"	1054	2	15565
"Sid Meier’s Railroad Tycoon"	1055	2	15567
"Siedler 7"	1056	2	15569
"Silent Hunter 5: Battle of the Atlantic"	1057	2	15571
"Simcity"	1058	2	15573
"Sir, You Are Being Hunted"	1059	2	15575
"Skate 3"	1060	2	15577
"Small World"	1061	2	15579
"Sniper Elite: Nazi Zombie Army 2"	1062	2	15581
"Sonic ""Sonic & All-Stars Racing Transformed"" All-Stars Racing Transformed"	1063	2	15583
"Sonic Generations"	1064	2	15585
"south park stick of truth"	1065	2	15587
"South Park: The stick of truth"	1066	2	15589
"Space Hulk: Ascension Edition"	1067	2	15591
"Spacechem"	1068	2	15593
"spirit stones"	1069	2	15595
"Split Second: Velocity"	1070	2	15597
"Star Wars Jedi Knight: Jedi Academy"	1071	2	15599
"Star Wars: Force Collection"	1072	2	15601
"Star Wars: TIE Fighter"	1073	2	15603
"starcraft 2 hots"	1074	2	15605
"StarTrek Online"	1075	2	15607
"SteamWorld Dig"	1076	2	15609
"subway surfer"	1077	2	15611
"Sunrider"	1078	2	15613
"Super Mario 3D Land"	1079	2	15615
"Super Mario Bros. 2"	1080	2	15617
"Super Mario Galaxy"	1081	2	15619
"Super smash Bros. Brawl"	1082	2	15621
"Super smash brothers"	1083	2	15623
"SWAT 3"	1084	2	15625
"Tales of Symphonia"	1085	2	15627
"Tekken"	1086	2	15629
"Tetris"	1087	2	15631
"The Cave"	1088	2	15633
"The Darkness II"	1089	2	15635
"The Incredible Adventures of Van Helsing"	1090	2	15637
"The Legend of Zelda: A Link to the Past"	1091	2	15639
"The Legend Of Zelda: Skyward Sword"	1092	2	15641
"The Longest Journey"	1093	2	15643
"The Lost Vikings"	1094	2	15645
"The Pinball Arcade"	1095	2	15647
"The Swapper"	1096	2	15649
"the walking dead 2"	1097	2	15651
"TheHunter"	1098	2	15653
"Tiny Troopers"	1099	2	15655
"Titan Attacks!"	1100	2	15657
"Titan Quest"	1101	2	15659
"Tom Clancy’s Splinter Cell: Conviction"	1102	2	15661
"Tomb Raider: Anniversary"	1103	2	15663
"TOME: Immortal Arena"	1104	2	15665
"Tomodachi Life"	1105	2	15667
"Tony Hawk’s Pro Skater HD"	1106	2	15669
"Torchlight"	1107	2	15671
"Total War Battles: Kingdom"	1108	2	15673
"Total War ROME 2"	1109	2	15675
"Total war: Rome 2"	1110	2	15677
"Total War: Shogun"	1111	2	15679
"TowerFall Ascension"	1112	2	15681
"Trackmania"	1113	2	15683
"Trackmania Nations Forever"	1114	2	15685
"Transport Tycoon"	1115	2	15687
"TRI: Of Friendship and Madness"	1116	2	15689
"Triple Town"	1117	2	15691
"Trove"	1118	2	15693
"UFC"	1119	2	15695
"Vector Thrust"	1120	2	15697
"Velvet Assassin"	1121	2	15699
"Virtue’s Last Reward"	1122	2	15701
"Wakfu"	1123	2	15703
"War in the Pacific"	1124	2	15705
"Warface"	1125	2	15707
"Warhammer 40,000: Dawn of War"	1126	2	15709
"WarThunder"	1127	2	15711
"watchdogs"	1128	2	15713
"Wii Party U"	1129	2	15715
"Wings of Vi"	1130	2	15717
"World of Guns: Gun Disassembly"	1131	2	15719
"Worms: Ultimate Mayhem"	1132	2	15721
"WRC 4 FIA World Rally Championship"	1133	2	15723
"X-Com Enemy Unknown"	1134	2	15725
"xcom enemy within"	1135	2	15727
"yakuza 4"	1136	2	15729
"Z"	1137	2	15731
10000000	1138	1	15732
"""The Third Age"" Mod für Medieval II:Total War"	1139	1	15733
"(???) Alien"	1140	1	15734
"(???) Alien vs. Predator"	1141	1	15735
"(???) andrere"	1142	1	15736
"(???) Assassin’s Creed 4: Unity"	1143	1	15737
"(???) Avatar"	1144	1	15738
"(???) Bat man"	1145	1	15739
"(???) Battlefield: Modern Warfacre"	1146	1	15740
"(???) Bayonetta 1+2"	1147	1	15741
"(???) BF23"	1148	1	15742
"(???) Bioshock 1""Bioshock 1&2""2"	1149	1	15743
"(???) BlazBlue (alle Spielereihe)"	1150	1	15744
"(???) C""C&C alle Teile""C alle Teile"	1151	1	15745
"(???) Call of Duty Advanced Warfigher"	1152	1	15746
"(???) Call of Duty diverse"	1153	1	15747
"(???) civ 6"	1154	1	15748
"(???) Colin Mcrae rally"	1155	1	15749
"(???) Dark Souls 1+2"	1156	1	15750
"(???) Deponia (Teil 2 ""Deponia (Teil 2 & 3 )"" 3 )"	1157	1	15751
"(???) Deponia 1-3"	1158	1	15752
"(???) Deponia-Serie"	1159	1	15753
"(???) Die Sims 2 / 3"	1160	1	15754
"(???) Dirt Sc"	1161	1	15755
"(???) diverse iPhone"	1162	1	15756
"(???) Doto.2"	1163	1	15757
"(???) Downhill Racing"	1164	1	15758
"(???) Dragon Age 1 - 3"	1165	1	15759
"(???) Dragon Age 1+3"	1166	1	15760
"(???) Dragon Age alle Teile"	1167	1	15761
"(???) Dragon Age Series"	1168	1	15762
"(???) Dragon Agentur 3"	1169	1	15763
"(???) Dragon AgeO"	1170	1	15764
"(???) Duolingo"	1171	1	15765
"(???) EA UFC Undisputed"	1172	1	15766
"(???) empire"	1173	1	15767
"(???) etliche Smartphone-Spiele"	1174	1	15768
"(???) Evoker"	1175	1	15769
"(???) F.E.A.R. 1, 2 ""F.E.A.R. 1, 2 & 3"" 3"	1176	1	15770
"(???) Family Guy"	1177	1	15771
"(???) Family Guy (Android)"	1178	1	15772
"(???) Far Cry 3/4"	1179	1	15773
"(???) Far Cry Reihe"	1180	1	15774
"(???) Farcry alle Teile"	1181	1	15775
"(???) Farming Simulator"	1182	1	15776
"(???) fifa 14/15"	1183	1	15777
"(???) Flash spiele auf kongregate.com und armorgames.com"	1184	1	15778
"(???) Football Manager"	1185	1	15779
"(???) Forza"	1186	1	15780
"(???) Forza Motorsport"	1187	1	15781
"(???) Fußball Manager"	1188	1	15782
"(???) Genius Unternehmen Physik"	1189	1	15783
"(???) Genre: RTS"	1190	1	15784
"(???) Genre: Shmups"	1191	1	15785
"(???) God Of War 1+3"	1192	1	15786
"(???) Hugo"	1193	1	15787
"(???) Ich hasse Frauen"	1194	1	15788
"(???) Jurassic Park"	1195	1	15789
"(???) Just Dance"	1196	1	15790
"(???) Knights of the old Republic 1+2"	1197	1	15791
"(???) Kotor 1 ""Kotor 1 & 2"" 2"	1198	1	15792
"(???) Landwirtschaft Simulator"	1199	1	15793
"(???) Landwirtschafts -Simulator"	1200	1	15794
"(???) Landwirtschaftssimulator"	1201	1	15795
"(???) Lanwirtschaftssimulator"	1202	1	15796
"(???) Lasers"	1203	1	15797
"(???) Lego Harry Potter 5-7"	1204	1	15798
"(???) LS Simulator 2013"	1205	1	15799
"(???) M.A.X."	1206	1	15800
"(???) Madden"	1207	1	15801
"(???) Magna Carta"	1208	1	15802
"(???) Mario"	1209	1	15803
"(???) Marvell Heroes"	1210	1	15804
"(???) Mass effect 1,2,3"	1211	1	15805
"(???) Mass Effect 2+3"	1212	1	15806
"(???) Mass Effect Reihe"	1213	1	15807
"(???) Massefect 1+2"	1214	1	15808
"(???) Max"	1215	1	15809
"(???) Metal Gear Solid HD Collection"	1216	1	15810
"(???) Metro"	1217	1	15811
"(???) Metroid Prime"	1218	1	15812
"(???) Middle-earth"	1219	1	15813
"(???) naruto shippuden ultimate ninja storm"	1220	1	15814
"(???) naruto ultimate ninja storm"	1221	1	15815
"(???) Nhl"	1222	1	15816
"(???) oculus rift demos"	1223	1	15817
"(???) Omnibus 2"	1224	1	15818
"(???) PacMan"	1225	1	15819
"(???) PanzerGeneral"	1226	1	15820
"(???) phoenix Wright Reihe"	1227	1	15821
"(???) Picross"	1228	1	15822
"(???) Pirates"	1229	1	15823
"(???) Portal 1/2"	1230	1	15824
"(???) Postal"	1231	1	15825
"(???) price grab"	1232	1	15826
"(???) Pro Evolution Soccer"	1233	1	15827
"(???) Pro Evolution Soccer 200x"	1234	1	15828
"(???) Prof layton"	1235	1	15829
"(???) Professor Layton Reihe"	1236	1	15830
"(???) Professor Layton und die Maske des Schicksals"	1237	1	15831
"(???) Ratchet ""Ratchet & Clank"" Clank"	1238	1	15832
"(???) Runaway 1-3"	1239	1	15833
"(???) SC:BL"	1240	1	15834
"(???) Scooby Doo"	1241	1	15835
"(???) Siedler"	1242	1	15836
"(???) Silent Hill"	1243	1	15837
"(???) Simpsons"	1244	1	15838
"(???) simpsons spiel fuer android"	1245	1	15839
"(???) Simsons"	1246	1	15840
"(???) Skylanders"	1247	1	15841
"(???) Smash Bros. Brawl for Wii U"	1248	1	15842
"(???) Sniper Elite 3 + die 2 Zombie-Army Teile"	1249	1	15843
"(???) Southpark"	1250	1	15844
"(???) SPIDERMAN"	1251	1	15845
"(???) SSB"	1252	1	15846
"(???) Star Wars"	1253	1	15847
"(???) StarCraft II inkl. BroodWar"	1254	1	15848
"(???) StarCraft III"	1255	1	15849
"(???) Sudoku"	1256	1	15850
"(???) Super Mario Bros."	1257	1	15851
"(???) SW: KoToR 1 /2"	1258	1	15852
"(???) Tentacle Girl"	1259	1	15853
"(???) Tentacle Wars"	1260	1	15854
"(???) The Chronicles of Riddick"	1261	1	15855
"(???) The Elder Scrolls: Oblivion/Skyrim"	1262	1	15856
"(???) The Endless"	1263	1	15857
"(???) The GReat Giana Sisters Twisted Dreams"	1264	1	15858
"(???) Thief 1-3"	1265	1	15859
"(???) Titan"	1266	1	15860
"(???) Tomb Raider - Alle Teile"	1267	1	15861
"(???) Tomb Raider 1 + 2"	1268	1	15862
"(???) Total War"	1269	1	15863
"(???) Total War (Spielereihe)"	1270	1	15864
"(???) Trials"	1271	1	15865
"(???) Trine 1+2"	1272	1	15866
"(???) ufc"	1273	1	15867
"(???) Unchartet 1-3"	1274	1	15868
"(???) viele Indie-Puzzle/Adventure-Spiele"	1275	1	15869
"(???) Wice star"	1276	1	15870
"(???) Wing Commander"	1277	1	15871
"(???) Wipe Out"	1278	1	15872
"(???) X-Plane"	1279	1	15873
"(???) X:COM"	1280	1	15874
"0 A.D."	1281	1	15875
"0h h1"	1282	1	15876
"3 Gewinnt (Big Fish)"	1283	1	15877
"4 Bilder ein Wort"	1284	1	15878
"8 Ball Pool Billard"	1285	1	15879
"80 days"	1286	1	15880
"AaaaaAAaaaAAAaaAAAAaAAAAA!!! for the Awesome"	1287	1	15881
"Aarklash: Legacy"	1288	1	15882
"Academagia: The Making of Mages"	1289	1	15883
"Ace Combat 6: Fires of Liberation"	1290	1	15884
"Ace Combat: Infinity"	1291	1	15885
"Act of War: Direct Action"	1292	1	15886
"Action Henk"	1293	1	15887
"Advance Wars: Dual Strike"	1294	1	15888
"Adventure Town"	1295	1	15889
"Age of Chivalry"	1296	1	15890
"Age of Conan"	1297	1	15891
"Age of empires 2"	1298	1	15892
"Age Of Empires II"	1299	1	15893
"Age Of Wonders"	1300	1	15894
"Age of Wonders II: Der Zirkel der Zauberer"	1301	1	15895
"Airline Tycoon 2"	1302	1	15896
"Alan Wake’s American Nightmare"	1303	1	15897
"Alarm für Cobra 11: Das Syndikat"	1304	1	15898
"alice madness returns"	1305	1	15899
"Alien  Isolation"	1306	1	15900
"Alien Hive"	1307	1	15901
"Alien Rage: Unlimited"	1308	1	15902
"Alien Swarm"	1309	1	15903
"Aliens vs Predators (2010)"	1310	1	15904
"Altitude"	1311	1	15905
"Alundra"	1312	1	15906
"Amazing Alex"	1313	1	15907
"Amazing Ninja"	1314	1	15908
"Amnesia: The Dark Descent"	1315	1	15909
"Anarchy Online"	1316	1	15910
"Anarchy Reigns"	1317	1	15911
"Angry birds Rio"	1318	1	15912
"Angry Birds Transformers"	1319	1	15913
"Angry Birds: Star Wars"	1320	1	15914
"animal crossing"	1321	1	15915
"anno"	1322	1	15916
"Anno 1503"	1323	1	15917
"Anstoss 3"	1324	1	15918
"Anvil of Dawn"	1325	1	15919
"Ar nosurge: Ode to an Unborn Star"	1326	1	15920
"Arcana Heart 3: LOVE MAX!!!!!"	1327	1	15921
"Arcania: Gothic 4"	1328	1	15922
"Arena : Cyber Evolution"	1329	1	15923
"ArmA II"	1330	1	15924
"ARMA III"	1331	1	15925
"ArmA: Armed Assault"	1332	1	15926
"Arma2"	1333	1	15927
"Armed Assault 3‎"	1334	1	15928
"Armies of Exigo"	1335	1	15929
"Army of Darkness: Defense"	1336	1	15930
"Army of Two"	1337	1	15931
"Art of Balance"	1338	1	15932
"Asassins creed unity"	1339	1	15933
"Asassins’s Creed 4"	1340	1	15934
"Assasin’s Creed 3"	1341	1	15935
"Assasin’s Creed Unity"	1342	1	15936
"Assasin’s Creed: Unity"	1343	1	15937
"Assasins’s Creed 4 Black Flag"	1344	1	15938
"Assassen’s Creed Unity"	1345	1	15939
"Assassin’ Creed Unity"	1346	1	15940
"Assassin’s Credits Unity"	1347	1	15941
"Assassin’s creed"	1348	1	15942
"Assassin’s Creed  Unity"	1349	1	15943
"Assassin’s Creed - Unity"	1350	1	15944
"Assassin’s Creed (1)"	1351	1	15945
"Assassin’s Creed (3)"	1352	1	15946
"assassin’s creed 5"	1353	1	15947
"Assassin’s Creed IV - Black Flag"	1354	1	15948
"Assassin’s Creed Pirates"	1355	1	15949
"Assassin’s Creed Reihe"	1356	1	15950
"Assassin’s Creed Unity (PC)"	1357	1	15951
"Assassin’s Creed: Revelation"	1358	1	15952
"Assassins  Creed Black Flag"	1359	1	15953
"Assassins  Creed Unity"	1360	1	15954
"assassins creed 2"	1361	1	15955
"assassins creed 4 black flag"	1362	1	15956
"Assassins creed rogue"	1363	1	15957
"assassins creed: unity"	1364	1	15958
"Assassins’ Creed Unity"	1365	1	15959
"Assassins’s Creed 4"	1366	1	15960
"Assassins’s Creed III"	1367	1	15961
"Assassins’s Creed IV Black Flag"	1368	1	15962
"Asssassin’s Creed II"	1369	1	15963
"AVA - Alliance of Valiant Arms"	1370	1	15964
"Azkend"	1371	1	15965
"Badland (2013)"	1372	1	15966
"Baldur's Gate: Enhanced Edition"	1373	1	15967
"Baldur’s Gate 1"	1374	1	15968
"Baldur’s Gate 1+2"	1375	1	15969
"Baldur’s Gate 2"	1376	1	15970
"Baldur’s Gate II"	1377	1	15971
"Baldurs gate 2"	1378	1	15972
"Bang Bang Racing"	1379	1	15973
"Baphomets Fluch (1996)"	1380	1	15974
"Baphomets Fluch: Der Sündenfall"	1381	1	15975
"BAtman - Arkham Origins"	1382	1	15976
"batman arkham origins"	1383	1	15977
"Batman: Arkham Knight"	1384	1	15978
"battelfield 4"	1385	1	15979
"Battle Realms"	1386	1	15980
"Battleblock theatre"	1387	1	15981
"battlefield"	1388	1	15982
"Battlefield 4/Final  Stand"	1389	1	15983
"Battlefield bad Company 2"	1390	1	15984
"Battlefield Play4Free"	1391	1	15985
"Battlefield: Bad Company"	1392	1	15986
"battlefield3"	1393	1	15987
"BeamNG.drive"	1394	1	15988
"Beasts of Prey"	1395	1	15989
"Bernd Das Brot Und Die Unmöglichen"	1396	1	15990
"Betrayer"	1397	1	15991
"beyond earth"	1398	1	15992
"Bike Rivals"	1399	1	15993
"Binding of Isaac rebirth"	1400	1	15994
"Biohazard rebirth"	1401	1	15995
"Bioshock Infinite: burial at sea"	1402	1	15996
"BIT.TRIP RUNNER"	1403	1	15997
"Bit.Trip.Runner"	1404	1	15998
"Bit.Trip.Runner 2"	1405	1	15999
"Black ""Black and White 2"" White 2"	1406	1	16000
"Blacklight Retribution"	1407	1	16001
"Blackshot"	1408	1	16002
"Blackwell Unbound"	1409	1	16003
"Bladestorm: Der Hundertjährige Krieg"	1410	1	16004
"Bleach - Soul Resurreccion"	1411	1	16005
"Blendoku"	1412	1	16006
"Blitz Brigade"	1413	1	16007
"Blobby Volley"	1414	1	16008
"Blobby Volley 2"	1415	1	16009
"Blockstorm"	1416	1	16010
"Book  of unwritten Tales"	1417	1	16011
"Borderlands  The Pre- Sequel"	1418	1	16012
"Borderlands 2 GOTY"	1419	1	16013
"Borderlands the prequel"	1420	1	16014
"Borderlands: the pre sequel"	1421	1	16015
"borderlands2"	1422	1	16016
"Boulder Dash"	1423	1	16017
"Brave and Default"	1424	1	16018
"Braveland"	1425	1	16019
"Brink"	1426	1	16020
"Brothers - A Tale Of Two Sons"	1427	1	16021
"Bubble Witch 2 Saga"	1428	1	16022
"Bully: Scholarship Edition"	1429	1	16023
"c&c tiberium wars"	1430	1	16024
"Caesar III"	1431	1	16025
"Call of Duty 3"	1432	1	16026
"Call of duty Advance Warfare"	1433	1	16027
"Call of duty advanced warefare"	1434	1	16028
"Call of duty adwanced warfare"	1435	1	16029
"call of duty modern warfare 3"	1436	1	16030
"Call Of Duty: Black Ops 2"	1437	1	16031
"Captain Toad: Treasure Tracker"	1438	1	16032
"Carmageddon II: Carpocalypse Now"	1439	1	16033
"castle crasher"	1440	1	16034
"Castle Crush"	1441	1	16035
"castle story"	1442	1	16036
"CastleMiner Z"	1443	1	16037
"Castlestorm"	1444	1	16038
"Castlevania lords of Shadow"	1445	1	16039
"Castlevania: Lords of Shadow - Mirror of Fate HD"	1446	1	16040
"Catherine"	1447	1	16041
"Ceville"	1448	1	16042
"Chaos on Deponia"	1449	1	16043
"Chariot"	1450	1	16044
"Chess (Jeroen Carolus)"	1451	1	16045
"Chess 2 - The Sequel"	1452	1	16046
"Children of Mana"	1453	1	16047
"Chrono Trigger"	1454	1	16048
"Circuits"	1455	1	16049
"Cities in Motion"	1456	1	16050
"Cities in Motion 2"	1457	1	16051
"Cities XL Platinum"	1458	1	16052
"CIV 5"	1459	1	16053
"civ beyond earth"	1460	1	16054
"civ: beyond earth"	1461	1	16055
"Civ. Beyond Earth"	1462	1	16056
"Civilization  Beyond Earth"	1463	1	16057
"civilization 2"	1464	1	16058
"CIVILIZATION 5"	1465	1	16059
"Civilization Revolution"	1466	1	16060
"clicker heroes"	1467	1	16061
"Clonk Rage"	1468	1	16062
"ClusterPuck 99"	1469	1	16063
"COD Advance Warfare"	1470	1	16064
"CoD Black Ops"	1471	1	16065
"Cod ghosts"	1472	1	16066
"COD Modern Warfare 2"	1473	1	16067
"COD MW2"	1474	1	16068
"Cod4"	1475	1	16069
"Cognition: An Erica Reed Thriller"	1476	1	16070
"Combat Arms"	1477	1	16071
"Command ""C&C Alarmstufe Rot 3"" Conquer: Alarmstufe Rot 3"	1478	1	16072
"Command ""C&C generals + Zero hour"" Conquer: Generals"	1479	1	16073
"Command ""C&C Generals"" Conquer: Generals"	1480	1	16074
"Command ""C&C Tiberian Sun"" Conquer: Tiberian Sun"	1481	1	16075
"Command ""Command & Conquer Generals"" Conquer: Generals"	1482	1	16076
"Command ""Command & Conquer: Renegade"" Conquer: Renegade"	1483	1	16077
"Command ""Command & Conquer"" Conquer"	1484	1	16078
"Command ""Command and Conquer Alarmstufe Rot 3"" Conquer: Alarmstufe Rot 3"	1485	1	16079
"Command ""command&conquer allianzes"" Conquer: Tiberium Alliances"	1486	1	16080
"Command ""Commando and Conquer Generals"" Conquer: Generals"	1487	1	16081
"Command & Conquer 3: Kane’s Wrath"	1488	1	16082
"command and conquer"	1489	1	16083
"Company of  Heroes"	1490	1	16084
"Company of  Heroes 2"	1491	1	16085
"company of heros"	1492	1	16086
"Construction Simulator 2015"	1493	1	16087
"Cook, Serve, Delicious!"	1494	1	16088
"Cookie Clicker"	1495	1	16089
"CosmicBreak"	1496	1	16090
"Cosmonautica"	1497	1	16091
"Costume Quest"	1498	1	16092
"Costume Quest 2"	1499	1	16093
"Counter-strike global offensive"	1500	1	16094
"counterstrike source"	1501	1	16095
"Counterstrike:GO"	1502	1	16096
"Crash Bandicoot 2"	1503	1	16097
"Crawl"	1504	1	16098
"Crazy Taxi"	1505	1	16099
"Crime City"	1506	1	16100
"Criminal Case"	1507	1	16101
"Crimson Shroud"	1508	1	16102
"Croqinole"	1509	1	16103
"Cry of fear"	1510	1	16104
"Crypt of the NecroDancer"	1511	1	16105
"Cs 1.6"	1512	1	16106
"CS: Go"	1513	1	16107
"Cs:source"	1514	1	16108
"CSI: Hidden Crimes"	1515	1	16109
"Curve Fever"	1516	1	16110
"CurveFever"	1517	1	16111
"da:i"	1518	1	16112
"Daedelus"	1519	1	16113
"Danganronpa"	1520	1	16114
"Danganronpa 2: Goodbye Despair"	1521	1	16115
"DARK"	1522	1	16116
"Dark Chronicle"	1523	1	16117
"Dark Messiah of Might and Magic"	1524	1	16118
"Dark Project 2: The Metal Age"	1525	1	16119
"Dark Raid"	1526	1	16120
"Dark Souls: Prepare to die Edition"	1527	1	16121
"Darkest of Days"	1528	1	16122
"Darkfall Online"	1529	1	16123
"Darkness Reborn"	1530	1	16124
"Darwinia"	1531	1	16125
"Das Schwarze Auge: Satinavs Ketten"	1532	1	16126
"Daylight"	1533	1	16127
"Deadlight"	1534	1	16128
"Dear Esther"	1535	1	16129
"Defy Gravity"	1536	1	16130
"Deliverance-Kingdome Comes Tech Alpha"	1537	1	16131
"Delta Force: Black Hawk Down"	1538	1	16132
"Delver"	1539	1	16133
"Demon Soul’s"	1540	1	16134
"Deponia -  the Complete Journey"	1541	1	16135
"der herr der ringe  schlacht um mittelerde"	1542	1	16136
"Der Puppenspieler"	1543	1	16137
"Desperados: Wanted Dead or Alive"	1544	1	16138
"Despicable Me: Minion Rush"	1545	1	16139
"desteny"	1546	1	16140
"Deus Ex: Human Revolution - Director’s Cut"	1547	1	16141
"Deus Ex: The Fall"	1548	1	16142
"Devil’s Attorney ( Android)"	1549	1	16143
"diablo  3"	1550	1	16144
"Die Gilde"	1551	1	16145
"Die Kunst des Mordens: Geheimakte FBI"	1552	1	16146
"Die Siedler II"	1553	1	16147
"Die Siedler II – Die nächste Generation"	1554	1	16148
"Die Siedler IV"	1555	1	16149
"Die Sielder - Das Erbe der Könige"	1556	1	16150
"Die Simpsons Springfield"	1557	1	16151
"Dirks kostenloser Fussballmanager"	1558	1	16152
"Dirty Bomb"	1559	1	16153
"dishonored"	1560	1	16154
"Disney Infinity"	1561	1	16155
"Disney infinity 2.0"	1562	1	16156
"Divine Divinity"	1563	1	16157
"Divinity original sin"	1564	1	16158
"Donkey Kong Country"	1565	1	16159
"Donkey Kong Country returns"	1566	1	16160
"Doodle God"	1567	1	16161
"Doodle Jump"	1568	1	16162
"Doom"	1569	1	16163
"Doom ""Doom & Destiny"" Destiny"	1570	1	16164
"Doom 2"	1571	1	16165
"Doom 3"	1572	1	16166
"Door Kickers"	1573	1	16167
"Doppelkopf"	1574	1	16168
"DotA 1"	1575	1	16169
"dota2"	1576	1	16170
"Dragon  Age: Inquisition"	1577	1	16171
"Dragon Age  Inquisition"	1578	1	16172
"dragon age 2"	1579	1	16173
"Dragon age inqisition"	1580	1	16174
"Dragon age inquistion"	1581	1	16175
"Dragon age Inqusition"	1582	1	16176
"Dragon age origin"	1583	1	16177
"Dragon Ball Z: Budokai Tenkaichi 2"	1584	1	16178
"Dragon Quest"	1585	1	16179
"Dragon Quest IX"	1586	1	16180
"Dragon’s Crown"	1587	1	16181
"dragons dogma"	1588	1	16182
"Drakengard 3"	1589	1	16183
"driftmoon"	1590	1	16184
"Drunken Robot Pornography"	1591	1	16185
"DTM Experience 2014"	1592	1	16186
"Ducktales"	1593	1	16187
"Duke Nukem: Land of the Babes"	1594	1	16188
"Duke Nukem: Manhattan Project"	1595	1	16189
"Duke Nukem: Time to Kill"	1596	1	16190
"Dungeon Hunter 3"	1597	1	16191
"Dungeon Hunter: Alliance"	1598	1	16192
"Dungeon of Slyn"	1599	1	16193
"Dungeon Raid"	1600	1	16194
"Dungeon Village"	1601	1	16195
"Dust 514"	1602	1	16196
"E.Y.E: Divine Cybermancy"	1603	1	16197
"EA Sports UFC"	1604	1	16198
"Eador: Masters of the Broken World"	1605	1	16199
"Earn to Die"	1606	1	16200
"Earth Defense Force 2025"	1607	1	16201
"East India Company"	1608	1	16202
"EDGE Extended"	1609	1	16203
"Edge of Space"	1610	1	16204
"Electronic Super Joy"	1611	1	16205
"Elite"	1612	1	16206
"Elsword"	1613	1	16207
"Emoji Quiz"	1614	1	16208
"Empire at War"	1615	1	16209
"Empire total war"	1616	1	16210
"Endless Dungeon"	1617	1	16211
"English Country Tune"	1618	1	16212
"Epic Cards Battle"	1619	1	16213
"Escape Dead Island"	1620	1	16214
"Escape Plan"	1621	1	16215
"Eschalon"	1622	1	16216
"Estraged"	1623	1	16217
"Etrian Odyssey"	1624	1	16218
"Eufloria HD"	1625	1	16219
"Euro Truck Simulator 2013"	1626	1	16220
"Euro Trucksimulator 2014"	1627	1	16221
"Europa universalis 4"	1628	1	16222
"Eurotrucksimulator2"	1629	1	16223
"Evil Genius"	1630	1	16224
"Evochron Mercenary"	1631	1	16225
"Evoland: A Short Story of Adventure Video Games Evolution (GOG)"	1632	1	16226
"F-Zero GX"	1633	1	16227
"F.E.A.R. 2"	1634	1	16228
"F.E.A.R. 3"	1635	1	16229
"F1 2011"	1636	1	16230
"F1 Challenge 99-02"	1637	1	16231
"F1 Race Stars"	1638	1	16232
"Fable 2"	1639	1	16233
"Fable Anniversary"	1640	1	16234
"Fable III"	1641	1	16235
"Façade"	1642	1	16236
"Faery - Legends of Avalon"	1643	1	16237
"Falcon 4.0"	1644	1	16238
"Fallout3"	1645	1	16239
"Fantasia: Mickey Mouse Magic"	1646	1	16240
"Far  Cry 3"	1647	1	16241
"Far  cry 4"	1648	1	16242
"Far cry 3 blood dragon"	1649	1	16243
"Far cry Blood Dragon"	1650	1	16244
"Far cry3"	1651	1	16245
"FarCry3"	1652	1	16246
"FarmVille"	1653	1	16247
"Farmville Heroes"	1654	1	16248
"Faster then light"	1655	1	16249
"Fat Princess: Piece of Cake"	1656	1	16250
"Fate/Stay Night"	1657	1	16251
"FIFA  15"	1658	1	16252
"Fifa 15 Demo"	1659	1	16253
"FIFA 2015"	1660	1	16254
"Final fantasy 14"	1661	1	16255
"Final fantasy 7"	1662	1	16256
"final fantasy a realm reborn"	1663	1	16257
"Final Fantasy II"	1664	1	16258
"Final Fantasy III"	1665	1	16259
"Final Fantasy V"	1666	1	16260
"Final Fantasy VI"	1667	1	16261
"Final Fight"	1668	1	16262
"Final Horizon"	1669	1	16263
"Fire Emblem awakening"	1670	1	16264
"Fire Emblem: Path of Radiance"	1671	1	16265
"Fist of Awesome"	1672	1	16266
"Flappy Crush"	1673	1	16267
"Flight Control"	1674	1	16268
"Flight of the Amazon Queen"	1675	1	16269
"Floating Point"	1676	1	16270
"Flow Free: Bridges"	1677	1	16271
"Football Manager 2014"	1678	1	16272
"Football Manager 2015"	1679	1	16273
"Forge of Empires"	1680	1	16274
"Forge Quest"	1681	1	16275
"Formel 1 2011"	1682	1	16276
"Fortix 2"	1683	1	16277
"Fortnite"	1684	1	16278
"FortressCraft Evolved!"	1685	1	16279
"forza horizon  2"	1686	1	16280
"Forza Motorsport  5"	1687	1	16281
"Fractured Space"	1688	1	16282
"Framed"	1689	1	16283
"FreeCell"	1690	1	16284
"Freecol"	1691	1	16285
"Freedom Wars"	1692	1	16286
"Frets on Fire"	1693	1	16287
"From the Depth"	1694	1	16288
"Frozen: Olaf's Quest"	1695	1	16289
"Fruit Ninja"	1696	1	16290
"Fuchstreff: Doppelkopf für Füchse"	1697	1	16291
"Gabriel Knight: Sins of the Fathers"	1698	1	16292
"Gabriel Knight: Sins of the Fathers 20th Anniversary Edition"	1699	1	16293
"Galactic Civilizations II"	1700	1	16294
"Galaxy on Fire"	1701	1	16295
"Game Of Thrones - A Telltale Game Series"	1702	1	16296
"Game Of Thrones Ascent"	1703	1	16297
"Gang Beasts"	1704	1	16298
"Gangsters: Organized Crime"	1705	1	16299
"Gardenscape"	1706	1	16300
"Garry’s mod(TTT)"	1707	1	16301
"Garry`s Mod"	1708	1	16302
"Gas Guzzlers Extreme"	1709	1	16303
"Gear Up"	1710	1	16304
"Geheimakte 2: Puritas Cordis"	1711	1	16305
"Geheimakte: Sam Peters"	1712	1	16306
"Gender Bender DNA Twister Extreme"	1713	1	16307
"Ghost Recon: Future Soldier"	1714	1	16308
"Gmod"	1715	1	16309
"GO"	1716	1	16310
"God Mode"	1717	1	16311
"God of War II"	1718	1	16312
"Gods Will Be Watching"	1719	1	16313
"Godville"	1720	1	16314
"Goldeneye 007 (n64)"	1721	1	16315
"Goodbye Deponia"	1722	1	16316
"Goodgame Empire"	1723	1	16317
"gothic 2"	1724	1	16318
"Gothic II - Die  Nacht des Raben"	1725	1	16319
"grand theft auto 4"	1726	1	16320
"Gray Matter"	1727	1	16321
"Great Big war game"	1728	1	16322
"Grim Dawn"	1729	1	16323
"Grotesque Tactics 2: Dungeons and Donuts"	1730	1	16324
"GTA 5 Ps4"	1731	1	16325
"guacamelee"	1732	1	16326
"Guild Wars"	1733	1	16327
"Guilty Gear Xrd"	1734	1	16328
"Guitar Hero"	1735	1	16329
"guitar hero 6"	1736	1	16330
"Gunman Chronicles"	1737	1	16331
"Haegemonia: Legions of Iron"	1738	1	16332
"Half-Life: Source"	1739	1	16333
"Halfway"	1740	1	16334
"HALO"	1741	1	16335
"Halo 2"	1742	1	16336
"Halo 5: Guardians"	1743	1	16337
"Halo the Master Chief Collection"	1744	1	16338
"Halo: Combat Evolved Anniversary"	1745	1	16339
"Happy Wars"	1746	1	16340
"hard reset"	1747	1	16341
"Hardboiled Chicken"	1748	1	16342
"Harvest Moon DS"	1749	1	16343
"Hashi"	1750	1	16344
"Haxball"	1751	1	16345
"Hazard Ops"	1752	1	16346
"HDRO"	1753	1	16347
"hearthstone heroes of warcraft"	1754	1	16348
"hearts of iron 3"	1755	1	16349
"Heavy Rain"	1756	1	16350
"Hellgate: London"	1757	1	16351
"Heroes ""Heroes&Generals"" Generals"	1758	1	16352
"Heroes ""Heros & Generals"" Generals"	1759	1	16353
"Heroes ""Heros and Generals"" Generals"	1760	1	16354
"Heroes Charge"	1761	1	16355
"Heroes of Might and  Magic 5"	1762	1	16356
"Heroes of Might and Magic 2"	1763	1	16357
"Heroes of Might and Magic 6"	1764	1	16358
"Heroes of Newerth"	1765	1	16359
"Heroes of storm"	1766	1	16360
"Heroine’s Quest The Herald of Ragnarok"	1767	1	16361
"heros of the storm"	1768	1	16362
"Hexcells Plus"	1769	1	16363
"Highway Racer 3D"	1770	1	16364
"Hitman"	1771	1	16365
"Hitman GO"	1772	1	16366
"Hitman: Blood Money"	1773	1	16367
"Homefront"	1774	1	16368
"Homeworld"	1775	1	16369
"Hoplite"	1776	1	16370
"Horizon"	1777	1	16371
"Hyperdimension Neptunia Re;Birth1"	1778	1	16372
"I Am Alive"	1779	1	16373
"Ice Age: Die Siedlung"	1780	1	16374
"Ice Breaker"	1781	1	16375
"Idle Oil Tycoon"	1782	1	16376
"IL-2 Sturmovik: Battle of Stalingrad"	1783	1	16377
"IL-2 Sturmovik: Cliffs of Dover"	1784	1	16378
"Imouto Ijime"	1785	1	16379
"Indiana  Jones-greatest Adventures"	1786	1	16380
"Indiana Jones and the Fate of Atlantis"	1787	1	16381
"Infinite Undiscovery"	1788	1	16382
"Infinity Blade II"	1789	1	16383
"InflationRPG"	1790	1	16384
"injustice"	1791	1	16385
"Insane 2"	1792	1	16386
"Invisible Inc."	1793	1	16387
"InWorldz"	1794	1	16388
"iracing"	1795	1	16389
"iRacing.com"	1796	1	16390
"Jazz Jackrabbit 2"	1797	1	16391
"Jetpack Joyride"	1798	1	16392
"Just Dance 2014"	1799	1	16393
"Just Dance 2015"	1800	1	16394
"Kairo"	1801	1	16395
"Kalah!"	1802	1	16396
"Kane ""Kane and Lynch: Dead Man"" Lynch: Dead Men"	1803	1	16397
"Kenshi"	1804	1	16398
"Kentucky Road Zero"	1805	1	16399
"kerbal space programm"	1806	1	16400
"Kid Icarus: Uprising"	1807	1	16401
"Killzone 3"	1808	1	16402
"King of Dragon Pass"	1809	1	16403
"Kingdom Hearts II"	1810	1	16404
"Kingdom Hearts II HD"	1811	1	16405
"Kingdom of Loathing"	1812	1	16406
"Kingdom Rush HD"	1813	1	16407
"kingdoms of amalur"	1814	1	16408
"KnightShift"	1815	1	16409
"L4d2"	1816	1	16410
"Landmark"	1817	1	16411
"landwirtschafts simulator 15"	1818	1	16412
"Landwirtschafts simulator 2015"	1819	1	16413
"landwirtschaftssimulator 15"	1820	1	16414
"Lara Croft Temple of Osiris"	1821	1	16415
"Last  of Us"	1822	1	16416
"left4dead2"	1823	1	16417
"Legacy of Kain"	1824	1	16418
"LEGO City Undercover"	1825	1	16419
"LEGO Indiana Jones"	1826	1	16420
"Lego Lord of the Rings"	1827	1	16421
"LEGO Movie"	1828	1	16422
"LEGO Pirates of the Caribbean"	1829	1	16423
"Lego Star Wars: The Complete Saga"	1830	1	16424
"Letter Quest: Grimm's Journey"	1831	1	16425
"Little Big Planet 2"	1832	1	16426
"LittleBigPlanet: Karting"	1833	1	16427
"Lords of Fallen"	1834	1	16428
"Lost Planet 3"	1835	1	16429
"Lucius"	1836	1	16430
"Luigi's Mansion 2"	1837	1	16431
"Luigi’s Mansion"	1838	1	16432
"Lux Touch"	1839	1	16433
"Lylat Wars"	1840	1	16434
"Madden NFL 09"	1841	1	16435
"Madden nfl 13"	1842	1	16436
"Magic: The Gathering"	1843	1	16437
"MagnaCarta 2"	1844	1	16438
"Mahjong Tower"	1845	1	16439
"Maia"	1846	1	16440
"Manhunt"	1847	1	16441
"Manhunt 2"	1848	1	16442
"Mario kart"	1849	1	16443
"Mario Kart 64"	1850	1	16444
"Mario Party 7"	1851	1	16445
"MarioKart 7"	1852	1	16446
"Mars Effect"	1853	1	16447
"Marvel Heroes 2015"	1854	1	16448
"Marvel vs StreetFighter"	1855	1	16449
"Marvel: Ultimate Alliance"	1856	1	16450
"Mata Hari"	1857	1	16451
"Max ""Max & Moirtz: Die Rache des Dr. Düsters"" Mario - Die Rache des Dr. Düster"	1858	1	16452
"McPixel"	1859	1	16453
"MechWarrior 4: Mercenaries"	1860	1	16454
"Mechwarrior: Online"	1861	1	16455
"Medal of Honor: Allied Assault"	1862	1	16456
"Mega Man 3"	1863	1	16457
"Melody's Escape"	1864	1	16458
"Men of War: Assault Squad"	1865	1	16459
"Merchants of Kaidan"	1866	1	16460
"METAL GEAR RISING REVENGEANCE"	1867	1	16461
"Metal Gear Solid 3: Snake Eater"	1868	1	16462
"Metal Gear Solid: Peace Walker"	1869	1	16463
"Metal Slug 3"	1870	1	16464
"metro"	1871	1	16465
"Metroid: Other M"	1872	1	16466
"Middle-earth Shadow of Mordor"	1873	1	16467
"Might ""Clash of Heroes"" Magic: Clash of Heroes"	1874	1	16468
"Might ""Heroes Might and Magic 6"" Magic: Heroes 6"	1875	1	16469
"Might ""Might & Magic VI: The Mandate of Heaven"" Magic VI: The Mandate of Heaven"	1876	1	16470
"Might ""Might & Magic: Duel of Champions"" Magic Duel of Champions"	1877	1	16471
"Might ""Might and Magic Legacy"" Magic X: Legacy"	1878	1	16472
"Might ""Might and Magic: Clash of Heroes"" Magic: Clash of Heroes"	1879	1	16473
"Might and Magic Heroes VI"	1880	1	16474
"Might and Magic VIII: Day of the Destroyer"	1881	1	16475
"Mines of Mars"	1882	1	16476
"Minetest"	1883	1	16477
"Mini Ninjas"	1884	1	16478
"MiniDayZ"	1885	1	16479
"Mittelerde"	1886	1	16480
"modern warfare 2"	1887	1	16481
"Monkey Island 2: LeChuck’s Revenge"	1888	1	16482
"Monopoly App"	1889	1	16483
"Monopoly Plus"	1890	1	16484
"Monstermind"	1891	1	16485
"Mordheim: City of the Damned"	1892	1	16486
"Mortal kombat"	1893	1	16487
"mount & blade"	1894	1	16488
"Mount""Mount and Blade - Warband""Blade: Warband"	1895	1	16489
"Mount""Mount and Blade Warand""Blade: Warband"	1896	1	16490
"Mount""Mount and Blade With Fire and Sword""Blade: Warband"	1897	1	16491
"Mount""Mount& Blade: Warband""Blade: Warband"	1898	1	16492
"Mount""Mount&Blade Warband""Blade: Warband"	1899	1	16493
"Mount""Mount&Blade:Warband""Blade: Warband"	1900	1	16494
"Mount""MountAndBladeWarband""Blade: Warband"	1901	1	16495
"Muramasa Rebirth"	1902	1	16496
"mushroom garden"	1903	1	16497
"MXGP - The Official Motocross Videogame"	1904	1	16498
"My Lands"	1905	1	16499
"My Little Pony: Friendship Is Magic"	1906	1	16500
"Mystery Case Files: Dire Grove, Sacred Grove"	1907	1	16501
"Nano Assault Neo"	1908	1	16502
"Nascar’14"	1909	1	16503
"Nation Red"	1910	1	16504
"Natural Doctrine"	1911	1	16505
"NBA 2K 15"	1912	1	16506
"Need For Speed Most Wanted"	1913	1	16507
"Need for speed rivals"	1914	1	16508
"Need for Speed Underground  2"	1915	1	16509
"Need for Speed Underground 2"	1916	1	16510
"Need for Speed: Shift"	1917	1	16511
"Need for Speed: The Crew"	1918	1	16512
"NEO Scavenger"	1919	1	16513
"Neuroshima  Hex"	1920	1	16514
"New Super Luigi U"	1921	1	16515
"New Super Mario Bros. 2"	1922	1	16516
"New Super Mario Bros. Wii"	1923	1	16517
"Nidhogg"	1924	1	16518
"Nimble Quest"	1925	1	16519
"Ninja Gaiden 3 Razor's Edge"	1926	1	16520
"Nitro Nation Online"	1927	1	16521
"Nobunaga’s Ambition: Souzou"	1928	1	16522
"NotTetris"	1929	1	16523
"Obscure II"	1930	1	16524
"Obulis"	1931	1	16525
"Octodad"	1932	1	16526
"Oddworld: Abe's Oddysee"	1933	1	16527
"Okami"	1934	1	16528
"One Piece: Pirate Warriors"	1935	1	16529
"One Piece: Pirate Warriors 2"	1936	1	16530
"Operation Flashpoint: Red River"	1937	1	16531
"orcs must die 2"	1938	1	16532
"ORION: Prelude"	1939	1	16533
"Otomaid @ Cafe"	1940	1	16534
"Outlaws"	1941	1	16535
"Overruled!"	1942	1	16536
"P.T."	1943	1	16537
"Pandora - First Contact"	1944	1	16538
"panzer corps"	1945	1	16539
"Path of  Exile"	1946	1	16540
"Pathfinder Online"	1947	1	16541
"Patrizier IV"	1948	1	16542
"Pay day 2"	1949	1	16543
"payday the heist"	1950	1	16544
"Penumbra: Overture"	1951	1	16545
"persona 4"	1952	1	16546
"Persona 4 arena ultimax"	1953	1	16547
"Persona 4 Golden"	1954	1	16548
"Persona 4: The Ultimax Ultra Suplex Hold"	1955	1	16549
"Phantasy Star Online 2"	1956	1	16550
"Pharaoh"	1957	1	16551
"Piano Tiles (Don't Tap The White Tile)"	1958	1	16552
"Picmi"	1959	1	16553
"Picross E4"	1960	1	16554
"Pikmin"	1961	1	16555
"PixelJunk Monsters Ultimate"	1962	1	16556
"Pizza Connection"	1963	1	16557
"Planescape torment"	1964	1	16558
"Planetside  2"	1965	1	16559
"Planetside2"	1966	1	16560
"Plants vs.  Zombie"	1967	1	16561
"plants vs. zombies"	1968	1	16562
"Play Epic Battle Fantasy 4"	1969	1	16563
"Playstation Home"	1970	1	16564
"pokemon"	1971	1	16565
"Pokémon Gelb"	1972	1	16566
"Pokémon Mystery Dungeon 2"	1973	1	16567
"Pokémon Mystery Dungeon: Explorers of Sky"	1974	1	16568
"Pokémon Omega  Rubin"	1975	1	16569
"Pokémon Showdown"	1976	1	16570
"Pokémon Smaragd"	1977	1	16571
"Pokemon SoulSilver"	1978	1	16572
"Pokémon Trading Card Game Online"	1979	1	16573
"Pokémon: Schwarz/Weiß"	1980	1	16574
"Pokémon: Schwarz/Weiß 2"	1981	1	16575
"Powerstar Golf"	1982	1	16576
"prey"	1983	1	16577
"Primordia"	1984	1	16578
"Prince of Persia: The Sands of Time"	1985	1	16579
"Prison Rape Simulator 2014"	1986	1	16580
"Pro Cycling Manager 2013"	1987	1	16581
"Pro Evolution Soccer 2014"	1988	1	16582
"Pro Evolution Soccer 6"	1989	1	16583
"Professor layton"	1990	1	16584
"Professor Layton und das Geheimnisvolle  Dorf"	1991	1	16585
"Professor Layton und das Vermächtnis von Aslant"	1992	1	16586
"Professor Layton und die Maske der Wunder"	1993	1	16587
"Prototype 2"	1994	1	16588
"pvz garden warfare"	1995	1	16589
"Quantum Conundrum"	1996	1	16590
"Radiant Historia"	1997	1	16591
"Rage of Bahamut"	1998	1	16592
"Ragnarok Online 2"	1999	1	16593
"Raiden III"	2000	1	16594
"Rail Nation"	2001	1	16595
"Rambo: The Video Game"	2002	1	16596
"Ratchet ""Ratchet and Clank: A Crack in Time"" Clank Future: A Crack in Time"	2003	1	16597
"Ravaged Zombie Apocalypse"	2004	1	16598
"Rayman"	2005	1	16599
"Rayman Raving Rabbids"	2006	1	16600
"Real Racing 3"	2007	1	16601
"Real World Racing"	2008	1	16602
"Realms of the Haunting"	2009	1	16603
"Rebuild 2"	2010	1	16604
"Recruits - Make Heroes. Make History"	2011	1	16605
"Red Faction"	2012	1	16606
"Red orchestra"	2013	1	16607
"Red Orchestra: Ostfront 41-45"	2014	1	16608
"Reflec Beat plus!"	2015	1	16609
"Remeber Me"	2016	1	16610
"Renegade Ops"	2017	1	16611
"Renegade-x"	2018	1	16612
"ReRave"	2019	1	16613
"resident evil revelations"	2020	1	16614
"Rise of Flight"	2021	1	16615
"Rise of Venice"	2022	1	16616
"Roads of Rome 3"	2023	1	16617
"RockBand"	2024	1	16618
"Rockband 3"	2025	1	16619
"Rome 2 total war"	2026	1	16620
"Rome II Total War"	2027	1	16621
"rtcw"	2028	1	16622
"Rules!"	2029	1	16623
"Rumble Roses XX"	2030	1	16624
"Rune Factory 4"	2031	1	16625
"Rune Factory Frontier"	2032	1	16626
"Running with Rifles"	2033	1	16627
"S.K.I.L.L.-Special Force 2"	2034	1	16628
"S.N.O.W."	2035	1	16629
"S.O.L : Stone of Life EX"	2036	1	16630
"Sacred 3"	2037	1	16631
"Sacred Citadel"	2038	1	16632
"Saint’s Row 2"	2039	1	16633
"saints row 3"	2040	1	16634
"Sakura Spirit"	2041	1	16635
"salt"	2042	1	16636
"Samurai Warriors 4"	2043	1	16637
"Satellite Reign"	2044	1	16638
"Sauspiel Schafkopf"	2045	1	16639
"Scarlet Blade"	2046	1	16640
"Schleichfahrt"	2047	1	16641
"School of Dragons"	2048	1	16642
"Scrabble (Smartphone)"	2049	1	16643
"Screencheat"	2050	1	16644
"Scrolls"	2051	1	16645
"Secret of Evermore"	2052	1	16646
"Secret Ponchos"	2053	1	16647
"Secret Weapons over Normandy"	2054	1	16648
"Sentinel 3: Homeworld"	2055	1	16649
"Serious Sam 2 HD"	2056	1	16650
"Serious Sam 3: BFE"	2057	1	16651
"Serious Sam HD The First Encounter"	2058	1	16652
"Severance: Blade of Darkness"	2059	1	16653
"Shadow  Warrior"	2060	1	16654
"Shadow Hearts"	2061	1	16655
"Shadow Kings"	2062	1	16656
"Shadow Man"	2063	1	16657
"Shakes ""shake and fidget"" Fidget"	2064	1	16658
"Shantae"	2065	1	16659
"Shattered Horizon"	2066	1	16660
"Shaun White Snowboarding"	2067	1	16661
"Sherlock Holmes Crimes and punishment"	2068	1	16662
"Shift 2: Unleashed"	2069	1	16663
"Shin Megami Tensei: Digital Devil Saga"	2070	1	16664
"Shin Megami Tensei: Persona 3"	2071	1	16665
"Shogun 2 Total war"	2072	1	16666
"shroud of the avatar"	2073	1	16667
"Shroud of the Avatar: Forsaken Virtues"	2074	1	16668
"Sid Meier's Civilization III"	2075	1	16669
"Sid Meier’s Beyond Earth"	2076	1	16670
"Sideswiped"	2077	1	16671
"Sightline: The Chair"	2078	1	16672
"Silent Hill (1999)"	2079	1	16673
"Silent Hill 2"	2080	1	16674
"Silent Hunter 3"	2081	1	16675
"Silent Hunter 4"	2082	1	16676
"SIM City"	2083	1	16677
"Simcity 2000 (1994)"	2084	1	16678
"Simon the Sorcerer"	2085	1	16679
"sims 4"	2086	1	16680
"Sing Party"	2087	1	16681
"Singstar"	2088	1	16682
"Singularity"	2089	1	16683
"Sins Of A Solar Empire: Rebellion"	2090	1	16684
"Sins of the Dark Age"	2091	1	16685
"Skull Girls"	2092	1	16686
"Skullgirls"	2093	1	16687
"Skylanders Giants"	2094	1	16688
"Skylanders: Swap Force (Starter Pack)"	2095	1	16689
"Skylanders: Trap Team"	2096	1	16690
"Slenderman"	2097	1	16691
"Sly Cooper: Thieves in Time"	2098	1	16692
"Smash Bros Wii U"	2099	1	16693
"Smash Tennis"	2100	1	16694
"Smugglers 5"	2101	1	16695
"Sniper Elite: Zombie Army"	2102	1	16696
"Söldner – Secret Wars"	2103	1	16697
"Solforge"	2104	1	16698
"Sonic ""Sonic & All Stars Racing Transformed"" All-Stars Racing Transformed"	2105	1	16699
"Sonic ""Sonic All Star Racing"" All-Stars Racing Transformed"	2106	1	16700
"Sonic ""sonic racing transformed"" All-Stars Racing Transformed"	2107	1	16701
"Sonic Adventure DX"	2108	1	16702
"Sonic Boom: Rise of Lyric"	2109	1	16703
"Sonic the Hedgehog 2"	2110	1	16704
"South park"	2111	1	16705
"South Park - Stick of truth"	2112	1	16706
"South Park Der Stab der Wahrheit"	2113	1	16707
"south park the stick of truth"	2114	1	16708
"Space Age: A Game of Space Adventure"	2115	1	16709
"Space Trader (Eigenproduktion)"	2116	1	16710
"SpellForce 2: Demons of the Past"	2117	1	16711
"Spider-Man Unlimited"	2118	1	16712
"Spin Tires"	2119	1	16713
"Spirits"	2120	1	16714
"Splice"	2121	1	16715
"Springfield"	2122	1	16716
"star conflict"	2123	1	16717
"Star craft 2"	2124	1	16718
"Star Ocean: The Last Hope"	2125	1	16719
"Star Pirates"	2126	1	16720
"Star Trek: Starfleet Academy"	2127	1	16721
"star wars battlefront 2"	2128	1	16722
"star wars old republic"	2129	1	16723
"Star Wars: Episode III – Die Rache der Sith"	2130	1	16724
"Star Wars: Jedi Knight 2: Jedi Outcast"	2131	1	16725
"Star Wars: Knights of the Old Republic II - The Sith Lords"	2132	1	16726
"Star Wars: The Battle of Endor"	2133	1	16727
"Star Wars: The Force Unleashed"	2134	1	16728
"Star Wars: The Force Unleashed 2"	2135	1	16729
"Star Wars: Tiny Death Star"	2136	1	16730
"Star Wars: X-Wing"	2137	1	16731
"Starcraft 2 Heart of the Swarm"	2138	1	16732
"StarDrive"	2139	1	16733
"Stargate: Resistance"	2140	1	16734
"Starpoint Gemini"	2141	1	16735
"Starwhal"	2142	1	16736
"State of Decay: Breakdown"	2143	1	16737
"Steins;Gate"	2144	1	16738
"Still Life 2"	2145	1	16739
"Stonekeep"	2146	1	16740
"Strategic Command Global Conflict"	2147	1	16741
"Strategic Command World War 1"	2148	1	16742
"Street Fighter Alpha 3"	2149	1	16743
"Strider"	2150	1	16744
"Stronghold Crusader HD"	2151	1	16745
"Styx master of shadows"	2152	1	16746
"Subway Surfers"	2153	1	16747
"Sudeki"	2154	1	16748
"Sudoku Free"	2155	1	16749
"Suikoden"	2156	1	16750
"Summoners War: Sky Arena"	2157	1	16751
"Sunless Sea"	2158	1	16752
"Super Mario 64"	2159	1	16753
"Super Smash  Bros  Wii U"	2160	1	16754
"super smash bros wiiu"	2161	1	16755
"Super Smash bros. for Wii U"	2162	1	16756
"Super Smash Brothers 3DS"	2163	1	16757
"Super Street Fighter V"	2164	1	16758
"Supersonic Acrobatic Rocket-Powered Battle-Cars"	2165	1	16759
"SWAT 4"	2166	1	16760
"Sword Art Online: Hollow Fragment"	2167	1	16761
"Sword of the Stars: The Pit (Alle DLC’s)"	2168	1	16762
"Symphony"	2169	1	16763
"Tactical Ops"	2170	1	16764
"Take On Helicopters"	2171	1	16765
"Tales of Aravorn: Seasons Of The Wolf"	2172	1	16766
"Tales Of Hearts"	2173	1	16767
"Tales of hearts r"	2174	1	16768
"Tales of Innocence R"	2175	1	16769
"Tales of Phantasia"	2176	1	16770
"Tales of Symphonia: Dawn of the New World"	2177	1	16771
"Tales of Xillia"	2178	1	16772
"Tangled"	2179	1	16773
"Team Fortress Classic"	2180	1	16774
"Teeworlds"	2181	1	16775
"Tekken 6"	2182	1	16776
"Tekken Tag Tournament"	2183	1	16777
"Teleglitch"	2184	1	16778
"Teleglitch: Die More Edition"	2185	1	16779
"Telltale’s Game of Thrones"	2186	1	16780
"Temple Run"	2187	1	16781
"Temple Run 2"	2188	1	16782
"Terranigma"	2189	1	16783
"Teso"	2190	1	16784
"Tetris Ultimate"	2191	1	16785
"Texas Hold’em King 2"	2192	1	16786
"the  crew"	2193	1	16787
"The  Witcher 2"	2194	1	16788
"The Age of Decadence"	2195	1	16789
"The amazing Spider-man"	2196	1	16790
"The Amazing Spider-Man 2"	2197	1	16791
"The Bard’s Tale"	2198	1	16792
"The Battle for Wesnoth"	2199	1	16793
"The binding of Isaac:Rebirth"	2200	1	16794
"The Binding of Isaac. Rebirth"	2201	1	16795
"The Binding of Issac Rebirth"	2202	1	16796
"The Blackwell Epiphany"	2203	1	16797
"The Blackwell Legacy"	2204	1	16798
"The Bridge"	2205	1	16799
"The Chronicles of Riddick: Escape from Butcher Bay"	2206	1	16800
"The Curious Expedition"	2207	1	16801
"the darkness 2"	2208	1	16802
"The Escapist"	2209	1	16803
"the evil  within"	2210	1	16804
"The Expandabros"	2211	1	16805
"The G.G. Shinobi"	2212	1	16806
"The Golf Club"	2213	1	16807
"The Hunter"	2214	1	16808
"The Inner World"	2215	1	16809
"The Last Of Us: Factions"	2216	1	16810
"The Last Remnant"	2217	1	16811
"The Last Story"	2218	1	16812
"The Last Tinker: City of Colors"	2219	1	16813
"The Legend of Zelda"	2220	1	16814
"The Legend Of Zelda Ocarina Of Time"	2221	1	16815
"The Legend of Zelda: Majora’s Mask"	2222	1	16816
"The Legend of Zelda: Oracle of Ages"	2223	1	16817
"The Legend of Zelda: Spirit Tracks"	2224	1	16818
"The Legend of Zelda: Twilight Princess"	2225	1	16819
"The LEGO Movie Videogame"	2226	1	16820
"The Masterplan"	2227	1	16821
"The Night of the Rabbit"	2228	1	16822
"The Organ Trail"	2229	1	16823
"The Sailor’s Dream"	2230	1	16824
"The Samaritan Paradox"	2231	1	16825
"The Second World"	2232	1	16826
"The Secret of Monkey Island"	2233	1	16827
"The Secret of Monkey Island - Special Edition"	2234	1	16828
"The Ship"	2235	1	16829
"The Talos Principle"	2236	1	16830
"The Thirty-Nine Steps"	2237	1	16831
"The Tiny Bang Story"	2238	1	16832
"the walking  dead telltall"	2239	1	16833
"The Wonderful 101"	2240	1	16834
"The Yawhg"	2241	1	16835
"Theatrhythm Final Fantasy: Curtain Call"	2242	1	16836
"Theme Hospital"	2243	1	16837
"this  war of  mine"	2244	1	16838
"Time Ramesside"	2245	1	16839
"Tiny & Big in: Grandpa’s Leftovers"	2246	1	16840
"Tiny & Big: Grandpa’s Leftovers"	2247	1	16841
"Tiny Tower"	2248	1	16842
"TITAN  ATTACKS"	2249	1	16843
"Toki Tori"	2250	1	16844
"Tom Clancy’s Ghost Phantom"	2251	1	16845
"Tom Clancy’s Ghost Recon"	2252	1	16846
"Tom Clancy’s Ghost Recon Advanced Warfighter"	2253	1	16847
"Tom Clancy’s Rainbow Six: Rogue Spear"	2254	1	16848
"Tom Clancy’s Splinter Cell Blacklist"	2255	1	16849
"Tom Clancy’s Splinter Cell Conviction"	2256	1	16850
"Tomb Raider 2"	2257	1	16851
"Tomb Raider: Underworld"	2258	1	16852
"Tony Hawk’s Pro Skater 3"	2259	1	16853
"Tony Hawk’s Underground 2"	2260	1	16854
"Top Eleven"	2261	1	16855
"Total war shogun 2"	2262	1	16856
"Township"	2263	1	16857
"Townsmen"	2264	1	16858
"Toy Soldiers"	2265	1	16859
"Toybox Turbos"	2266	1	16860
"Trackmania Nations"	2267	1	16861
"TrackMania United"	2268	1	16862
"Traffic Racer"	2269	1	16863
"Train Simulator 2014"	2270	1	16864
"Transformers: Fall of Cybertron"	2271	1	16865
"Trials: Frontier"	2272	1	16866
"tribe’s and castles"	2273	1	16867
"Tribes: Ascend"	2274	1	16868
"Tropico"	2275	1	16869
"Turbo Dismount"	2276	1	16870
"Turok 2: Seeds of Evil"	2277	1	16871
"Two Worlds II"	2278	1	16872
"UFC Undisputed 3"	2279	1	16873
"UFO: Enemy Unknown"	2280	1	16874
"UFO: Extraterrestrials"	2281	1	16875
"Ultima IV: Quest of the Avatar"	2282	1	16876
"Ultimate NES Remix"	2283	1	16877
"Uncharted: Drakes Schicksal"	2284	1	16878
"Und mehr"	2285	1	16879
"Underrail"	2286	1	16880
"Underworld Empire"	2287	1	16881
"Unholy Heights"	2288	1	16882
"Universe Sandbox"	2289	1	16883
"Uniwar"	2290	1	16884
"Unmechanical"	2291	1	16885
"Unreal"	2292	1	16886
"Unreal Tournament 2003"	2293	1	16887
"Vagrant Story"	2294	1	16888
"Vainglory"	2295	1	16889
"Velocity 2X"	2296	1	16890
"Victim of Xen"	2297	1	16891
"victoria 2"	2298	1	16892
"Violett"	2299	1	16893
"Virtua Tennis 4"	2300	1	16894
"Viscera Cleanup Detail"	2301	1	16895
"Völgarr the Viking"	2302	1	16896
"Volo Airsport"	2303	1	16897
"Walking dead"	2304	1	16898
"walking dead season 2"	2305	1	16899
"War of the Roses"	2306	1	16900
"Wargame: Airland Battle"	2307	1	16901
"Warhammer 40k space marine"	2308	1	16902
"Warhammer: Mark of Chaos"	2309	1	16903
"Wario Ware, Inc. Minigame Mania"	2310	1	16904
"Warlock: Master of Arcane"	2311	1	16905
"Warlords: Battlecry III"	2312	1	16906
"Warmachine: Tactics"	2313	1	16907
"Warzone 2100"	2314	1	16908
"Wasteland   2"	2315	1	16909
"Way of the Samurai 4"	2316	1	16910
"WET"	2317	1	16911
"Wii Fit U"	2318	1	16912
"Wimmelbildspiele (Big Fish)"	2319	1	16913
"Wing Commander III: Heart of the Tiger"	2320	1	16914
"witcher 2"	2321	1	16915
"Wizard’s Choice"	2322	1	16916
"Wizardry: Crusaders of the Dark Savant"	2323	1	16917
"wolfenstein New Order"	2324	1	16918
"Wolfenstein: new Order"	2325	1	16919
"World  of Warcraft"	2326	1	16920
"World Cruise Story"	2327	1	16921
"World of  Warcraft"	2328	1	16922
"world of tanks 360"	2329	1	16923
"World of WarCraft - Warlords of Draenor"	2330	1	16924
"World of Warplanes"	2331	1	16925
"World Soccer Winning Eleven 9"	2332	1	16926
"World War II Online"	2333	1	16927
"Worms 2: Armageddon"	2334	1	16928
"Worms: Clan Wars"	2335	1	16929
"Worms: Reloaded"	2336	1	16930
"WOT"	2337	1	16931
"WRC: Powerslide"	2338	1	16932
"WWE 2k13"	2339	1	16933
"WWE Smackdown vs. Raw 2008"	2340	1	16934
"X Rebirth"	2341	1	16935
"X-COM: Terror from the Deep"	2342	1	16936
"X: Beyond The Frontier"	2343	1	16937
"X: Rebirth"	2344	1	16938
"X: Superbox"	2345	1	16939
"X3: Albion Prelude"	2346	1	16940
"X3: Gold Edition"	2347	1	16941
"XCOM Enemy unknown"	2348	1	16942
"XCOM UFO Defense"	2349	1	16943
"XIII"	2350	1	16944
"XStoryPlayer 3.0"	2351	1	16945
"YGOPro DevPro"	2352	1	16946
"Yoshi’s Story"	2353	1	16947
"YS Origin"	2354	1	16948
"Yu-Gi-Oh! Worldwide Edition: Stairway to the Destined Duel"	2355	1	16949
"zelda"	2356	1	16950
"Zelda  - A  Link to the  Past"	2357	1	16951
"Zelda Skyward Sword"	2358	1	16952
"Zengrams"	2359	1	16953
"Zombie Driver HD"	2360	1	16954
"Zombie Roadkill"	2361	1	16955
"Zombies vs. Plants"	2362	1	16956
"Zoo Tycoon"	2363	1	16957
"Zug um Zug"	2364	1	16958
